{
	"project_settings": {
		"project_namespace": "firemoth",
		"project_resolution": [
			16,
			16
		],
		"target_minecraft_version": "1.20+",
		"rig_item": "minecraft:light_blue_dye",
		"rig_item_model": "",
		"rig_export_folder": "",
		"texture_export_folder": "",
		"enable_advanced_resource_pack_settings": false,
		"verbose": true,
		"exporter": "animated_java:json_exporter"
	},
	"rig": {
		"default_pose": [
			{
				"uuid": "331aaddb-2af5-6767-a85f-4eb9e8963d62",
				"matrix": [
					-1,
					0,
					-1.2246467991473532e-16,
					0,
					0,
					1,
					0,
					0,
					1.2246467991473532e-16,
					0,
					-1,
					0,
					-0.12499999999999999,
					0.4375,
					-0.06250000000000001,
					1
				]
			},
			{
				"uuid": "91af711d-0838-94e3-e562-86aa63af7d5a",
				"matrix": [
					-1,
					0,
					-1.2246467991473532e-16,
					0,
					0,
					1,
					0,
					0,
					1.2246467991473532e-16,
					0,
					-1,
					0,
					0.125,
					0.4375,
					-0.062499999999999986,
					1
				]
			},
			{
				"uuid": "06fc9b2b-e287-d397-a8fe-dce1216063fb",
				"matrix": [
					-1,
					0,
					-1.2246467991473532e-16,
					0,
					0,
					1,
					0,
					0,
					1.2246467991473532e-16,
					0,
					-1,
					0,
					3.237659975245815e-20,
					0.291425,
					-0.000264375,
					1
				]
			}
		],
		"node_map": {
			"331aaddb-2af5-6767-a85f-4eb9e8963d62": {
				"type": "bone",
				"name": "wing_r",
				"uuid": "331aaddb-2af5-6767-a85f-4eb9e8963d62",
				"nbt": "{}",
				"custom_model_data": 20,
				"resource_location": "animated_java:item/firemoth/wing_r"
			},
			"91af711d-0838-94e3-e562-86aa63af7d5a": {
				"type": "bone",
				"name": "wing_l",
				"uuid": "91af711d-0838-94e3-e562-86aa63af7d5a",
				"nbt": "{}",
				"custom_model_data": 21,
				"resource_location": "animated_java:item/firemoth/wing_l"
			},
			"06fc9b2b-e287-d397-a8fe-dce1216063fb": {
				"type": "bone",
				"name": "body",
				"uuid": "06fc9b2b-e287-d397-a8fe-dce1216063fb",
				"nbt": "{}",
				"custom_model_data": 22,
				"resource_location": "animated_java:item/firemoth/body"
			}
		}
	},
	"variants": {
		"03c6a84d-3c7e-4c03-dc88-1ba54f897c73": {
			"name": "hurt",
			"uuid": "03c6a84d-3c7e-4c03-dc88-1ba54f897c73",
			"models": {
				"331aaddb-2af5-6767-a85f-4eb9e8963d62": {
					"custom_model_data": 23,
					"resource_location": "animated_java:item/firemoth/hurt/wing_r"
				},
				"91af711d-0838-94e3-e562-86aa63af7d5a": {
					"custom_model_data": 24,
					"resource_location": "animated_java:item/firemoth/hurt/wing_l"
				},
				"06fc9b2b-e287-d397-a8fe-dce1216063fb": {
					"custom_model_data": 25,
					"resource_location": "animated_java:item/firemoth/hurt/body"
				}
			},
			"affected_bones": [],
			"affected_bones_is_a_whitelist": false
		}
	},
	"animations": {
		"idle": {
			"start_delay": 0,
			"loop_delay": 0,
			"frames": [
				{
					"nodes": [
						{
							"uuid": "331aaddb-2af5-6767-a85f-4eb9e8963d62",
							"matrix": [
								-0.3420201433256689,
								0.9361168066628591,
								0.0818996083190893,
								0,
								0.9396926207859083,
								0.34071865342161023,
								0.029809019626209292,
								0,
								1.2199866483456202e-16,
								0.08715574274765818,
								-0.9961946980917455,
								0,
								-0.12499999999999999,
								0.4111183326459914,
								-0.04953189953556193,
								1
							]
						},
						{
							"uuid": "91af711d-0838-94e3-e562-86aa63af7d5a",
							"matrix": [
								-0.3420201433256689,
								-0.9361168066628591,
								-0.08189960831908938,
								0,
								-0.9396926207859083,
								0.34071865342161023,
								0.029809019626209063,
								0,
								1.2199866483456202e-16,
								0.08715574274765818,
								-0.9961946980917455,
								0,
								0.125,
								0.4111183326459914,
								-0.049531899535561905,
								1
							]
						},
						{
							"uuid": "06fc9b2b-e287-d397-a8fe-dce1216063fb",
							"matrix": [
								-1,
								0,
								-1.2246467991473532e-16,
								0,
								-1.0673500138322974e-17,
								0.9961946980917455,
								0.08715574274765818,
								0,
								1.2199866483456202e-16,
								0.08715574274765818,
								-0.9961946980917455,
								0,
								3.237659975245815e-20,
								0.260175,
								-0.000264375,
								1
							]
						}
					],
					"time": 0
				},
				{
					"nodes": [
						{
							"uuid": "331aaddb-2af5-6767-a85f-4eb9e8963d62",
							"matrix": [
								-0.5750343933241135,
								0.8162139505975565,
								0.0559484883111091,
								0,
								0.8181292358144701,
								0.5736882064082357,
								0.03932423341570429,
								0,
								1.2217798341158293e-16,
								0.06838588069207785,
								-0.9976589453926471,
								0,
								-0.12499999999999999,
								0.41690605098156647,
								-0.052364835481257005,
								1
							]
						},
						{
							"uuid": "91af711d-0838-94e3-e562-86aa63af7d5a",
							"matrix": [
								-0.5750343933241135,
								-0.8162139505975565,
								-0.05594848831110924,
								0,
								-0.8181292358144701,
								0.5736882064082357,
								0.039324233415704096,
								0,
								1.2217798341158293e-16,
								0.06838588069207785,
								-0.9976589453926471,
								0,
								0.125,
								0.41690605098156647,
								-0.05236483548125698,
								1
							]
						},
						{
							"uuid": "06fc9b2b-e287-d397-a8fe-dce1216063fb",
							"matrix": [
								-1,
								0,
								-1.2246467991473532e-16,
								0,
								-8.374854989642593e-18,
								0.9976589453926471,
								0.06838588069207785,
								0,
								1.2217798341158293e-16,
								0.06838588069207785,
								-0.9976589453926471,
								0,
								3.237659975245815e-20,
								0.2669169825072886,
								-0.000264375,
								1
							]
						}
					],
					"time": 0.05
				},
				{
					"nodes": [
						{
							"uuid": "331aaddb-2af5-6767-a85f-4eb9e8963d62",
							"matrix": [
								-0.8476703774954675,
								0.5301000841848715,
								0.021185652311973256,
								0,
								0.5305232616169546,
								0.8469942243471434,
								0.03385044764680738,
								0,
								1.2236699468108647e-16,
								0.039933503099190595,
								-0.999202339534004,
								0,
								-0.12499999999999999,
								0.4255648324111889,
								-0.056617070637146695,
								1
							]
						},
						{
							"uuid": "91af711d-0838-94e3-e562-86aa63af7d5a",
							"matrix": [
								-0.8476703774954675,
								-0.5301000841848715,
								-0.021185652311973464,
								0,
								-0.5305232616169546,
								0.8469942243471434,
								0.03385044764680725,
								0,
								1.2236699468108647e-16,
								0.039933503099190595,
								-0.999202339534004,
								0,
								0.125,
								0.4255648324111889,
								-0.05661707063714666,
								1
							]
						},
						{
							"uuid": "06fc9b2b-e287-d397-a8fe-dce1216063fb",
							"matrix": [
								-1,
								0,
								-1.2246467991473532e-16,
								0,
								-4.8904436749164675e-18,
								0.999202339534004,
								0.039933503099190595,
								0,
								1.2236699468108647e-16,
								0.039933503099190595,
								-0.999202339534004,
								0,
								3.237659975245815e-20,
								0.2771210641399417,
								-0.000264375,
								1
							]
						}
					],
					"time": 0.1
				},
				{
					"nodes": [
						{
							"uuid": "331aaddb-2af5-6767-a85f-4eb9e8963d62",
							"matrix": [
								-0.9960378984561374,
								0.08892797588096997,
								0.0005656366279754816,
								0,
								0.08892977476121978,
								0.9960177505033464,
								0.006335285563596423,
								0,
								1.2246220268711847e-16,
								0.006360486456806642,
								-0.9999797719014284,
								0,
								-0.12499999999999999,
								0.4356151972374416,
								-0.06156963303246482,
								1
							]
						},
						{
							"uuid": "91af711d-0838-94e3-e562-86aa63af7d5a",
							"matrix": [
								-0.9960378984561374,
								-0.08892797588096997,
								-0.0005656366279757256,
								0,
								-0.08892977476121978,
								0.9960177505033464,
								0.006335285563596401,
								0,
								1.2246220268711847e-16,
								0.006360486456806642,
								-0.9999797719014284,
								0,
								0.125,
								0.4356151972374416,
								-0.06156963303246479,
								1
							]
						},
						{
							"uuid": "06fc9b2b-e287-d397-a8fe-dce1216063fb",
							"matrix": [
								-1,
								0,
								-1.2246467991473532e-16,
								0,
								-7.789349380348344e-19,
								0.9999797719014284,
								0.006360486456806642,
								0,
								1.2246220268711847e-16,
								0.006360486456806642,
								-0.9999797719014284,
								0,
								3.237659975245815e-20,
								0.28914730320699705,
								-0.000264375,
								1
							]
						}
					],
					"time": 0.15
				},
				{
					"nodes": [
						{
							"uuid": "331aaddb-2af5-6767-a85f-4eb9e8963d62",
							"matrix": [
								-0.9255742180269964,
								-0.37842063837710455,
								0.010497017384900735,
								0,
								-0.3785661988658182,
								0.9252183303753242,
								-0.025664649106956153,
								0,
								1.2241759166778681e-16,
								-0.027728353498938475,
								-0.9996154952841807,
								0,
								-0.12499999999999999,
								0.445648900080902,
								-0.066526489346053,
								1
							]
						},
						{
							"uuid": "91af711d-0838-94e3-e562-86aa63af7d5a",
							"matrix": [
								-0.9255742180269964,
								0.37842063837710455,
								-0.010497017384900961,
								0,
								0.3785661988658182,
								0.9252183303753242,
								-0.025664649106956063,
								0,
								1.2241759166778681e-16,
								-0.027728353498938475,
								-0.9996154952841807,
								0,
								0.125,
								0.445648900080902,
								-0.06652648934605296,
								1
							]
						},
						{
							"uuid": "06fc9b2b-e287-d397-a8fe-dce1216063fb",
							"matrix": [
								-1,
								0,
								-1.2246467991473532e-16,
								0,
								3.3957439358101313e-18,
								0.9996154952841807,
								-0.027728353498938475,
								0,
								1.2241759166778681e-16,
								-0.027728353498938475,
								-0.9996154952841807,
								0,
								3.237659975245815e-20,
								0.3013557580174927,
								-0.000264375,
								1
							]
						}
					],
					"time": 0.2
				},
				{
					"nodes": [
						{
							"uuid": "331aaddb-2af5-6767-a85f-4eb9e8963d62",
							"matrix": [
								-0.6905475695893191,
								-0.7220810600625596,
								0.04174921356402655,
								0,
								-0.7232869790990879,
								0.689396236185207,
								-0.03985944554789849,
								0,
								1.222604974904983e-16,
								-0.05772150580676654,
								-0.9983327239790347,
								0,
								-0.12499999999999999,
								0.4543456055458788,
								-0.07082790499551116,
								1
							]
						},
						{
							"uuid": "91af711d-0838-94e3-e562-86aa63af7d5a",
							"matrix": [
								-0.6905475695893191,
								0.7220810600625596,
								-0.041749213564026715,
								0,
								0.7232869790990879,
								0.689396236185207,
								-0.03985944554789831,
								0,
								1.222604974904983e-16,
								-0.05772150580676654,
								-0.9983327239790347,
								0,
								0.125,
								0.4543456055458788,
								-0.07082790499551113,
								1
							]
						},
						{
							"uuid": "06fc9b2b-e287-d397-a8fe-dce1216063fb",
							"matrix": [
								-1,
								0,
								-1.2246467991473532e-16,
								0,
								7.0688457328222e-18,
								0.9983327239790347,
								-0.05772150580676654,
								0,
								1.222604974904983e-16,
								-0.05772150580676654,
								-0.9983327239790347,
								0,
								3.237659975245815e-20,
								0.3121064868804665,
								-0.000264375,
								1
							]
						}
					],
					"time": 0.25
				},
				{
					"nodes": [
						{
							"uuid": "331aaddb-2af5-6767-a85f-4eb9e8963d62",
							"matrix": [
								-0.44667589892777804,
								-0.8918965588327863,
								0.07071894837520787,
								0,
								-0.894695837319623,
								0.4452783622652594,
								-0.035306356103497215,
								0,
								1.2208151869995905e-16,
								-0.07904244708131367,
								-0.9968712512453138,
								0,
								-0.12499999999999999,
								0.4604582600349805,
								-0.07385140582318704,
								1
							]
						},
						{
							"uuid": "91af711d-0838-94e3-e562-86aa63af7d5a",
							"matrix": [
								-0.44667589892777804,
								0.8918965588327863,
								-0.07071894837520798,
								0,
								0.894695837319623,
								0.4452783622652594,
								-0.03530635610349699,
								0,
								1.2208151869995905e-16,
								-0.07904244708131367,
								-0.9968712512453138,
								0,
								0.125,
								0.4604582600349805,
								-0.07385140582318701,
								1
							]
						},
						{
							"uuid": "06fc9b2b-e287-d397-a8fe-dce1216063fb",
							"matrix": [
								-1,
								0,
								-1.2246467991473532e-16,
								0,
								9.679907981490483e-18,
								0.9968712512453138,
								-0.07904244708131367,
								0,
								1.2208151869995905e-16,
								-0.07904244708131367,
								-0.9968712512453138,
								0,
								3.237659975245815e-20,
								0.31975954810495627,
								-0.000264375,
								1
							]
						}
					],
					"time": 0.3
				},
				{
					"nodes": [
						{
							"uuid": "331aaddb-2af5-6767-a85f-4eb9e8963d62",
							"matrix": [
								-0.3420201433256689,
								-0.9361168066628591,
								0.0818996083190893,
								0,
								-0.9396926207859083,
								0.34071865342161023,
								-0.029809019626209292,
								0,
								1.2199866483456202e-16,
								-0.08715574274765818,
								-0.9961946980917455,
								0,
								-0.12499999999999999,
								0.462769948401512,
								-0.07499444977929028,
								1
							]
						},
						{
							"uuid": "91af711d-0838-94e3-e562-86aa63af7d5a",
							"matrix": [
								-0.3420201433256689,
								0.9361168066628591,
								-0.08189960831908938,
								0,
								0.9396926207859083,
								0.34071865342161023,
								-0.029809019626209063,
								0,
								1.2199866483456202e-16,
								-0.08715574274765818,
								-0.9961946980917455,
								0,
								0.125,
								0.462769948401512,
								-0.07499444977929025,
								1
							]
						},
						{
							"uuid": "06fc9b2b-e287-d397-a8fe-dce1216063fb",
							"matrix": [
								-1,
								0,
								-1.2246467991473532e-16,
								0,
								1.0673500138322974e-17,
								0.9961946980917455,
								-0.08715574274765818,
								0,
								1.2199866483456202e-16,
								-0.08715574274765818,
								-0.9961946980917455,
								0,
								3.237659975245815e-20,
								0.322675,
								-0.000264375,
								1
							]
						}
					],
					"time": 0.35
				},
				{
					"nodes": [
						{
							"uuid": "331aaddb-2af5-6767-a85f-4eb9e8963d62",
							"matrix": [
								-0.44667589892777837,
								-0.8918965588327863,
								0.07071894837520785,
								0,
								-0.894695837319623,
								0.44527836226525974,
								-0.035306356103497236,
								0,
								1.2208151869995905e-16,
								-0.07904244708131365,
								-0.9968712512453138,
								0,
								-0.12499999999999999,
								0.4604582600349805,
								-0.07385140582318704,
								1
							]
						},
						{
							"uuid": "91af711d-0838-94e3-e562-86aa63af7d5a",
							"matrix": [
								-0.44667589892777837,
								0.8918965588327863,
								-0.07071894837520797,
								0,
								0.894695837319623,
								0.44527836226525974,
								-0.035306356103497014,
								0,
								1.2208151869995905e-16,
								-0.07904244708131365,
								-0.9968712512453138,
								0,
								0.125,
								0.4604582600349805,
								-0.07385140582318701,
								1
							]
						},
						{
							"uuid": "06fc9b2b-e287-d397-a8fe-dce1216063fb",
							"matrix": [
								-1,
								0,
								-1.2246467991473532e-16,
								0,
								9.679907981490482e-18,
								0.9968712512453138,
								-0.07904244708131365,
								0,
								1.2208151869995905e-16,
								-0.07904244708131365,
								-0.9968712512453138,
								0,
								3.237659975245815e-20,
								0.31975954810495627,
								-0.000264375,
								1
							]
						}
					],
					"time": 0.4
				},
				{
					"nodes": [
						{
							"uuid": "331aaddb-2af5-6767-a85f-4eb9e8963d62",
							"matrix": [
								-0.6905475695893191,
								-0.7220810600625597,
								0.04174921356402654,
								0,
								-0.723286979099088,
								0.689396236185207,
								-0.03985944554789848,
								0,
								1.222604974904983e-16,
								-0.05772150580676652,
								-0.9983327239790347,
								0,
								-0.12499999999999999,
								0.45434560554587866,
								-0.07082790499551116,
								1
							]
						},
						{
							"uuid": "91af711d-0838-94e3-e562-86aa63af7d5a",
							"matrix": [
								-0.6905475695893191,
								0.7220810600625597,
								-0.04174921356402671,
								0,
								0.723286979099088,
								0.689396236185207,
								-0.039859445547898296,
								0,
								1.222604974904983e-16,
								-0.05772150580676652,
								-0.9983327239790347,
								0,
								0.125,
								0.45434560554587866,
								-0.07082790499551112,
								1
							]
						},
						{
							"uuid": "06fc9b2b-e287-d397-a8fe-dce1216063fb",
							"matrix": [
								-1,
								0,
								-1.2246467991473532e-16,
								0,
								7.068845732822199e-18,
								0.9983327239790347,
								-0.05772150580676652,
								0,
								1.222604974904983e-16,
								-0.05772150580676652,
								-0.9983327239790347,
								0,
								3.237659975245815e-20,
								0.31210648688046644,
								-0.000264375,
								1
							]
						}
					],
					"time": 0.45
				},
				{
					"nodes": [
						{
							"uuid": "331aaddb-2af5-6767-a85f-4eb9e8963d62",
							"matrix": [
								-0.9255742180269966,
								-0.3784206383771041,
								0.01049701738490071,
								0,
								-0.37856619886581777,
								0.9252183303753244,
								-0.025664649106956122,
								0,
								1.2241759166778681e-16,
								-0.027728353498938436,
								-0.9996154952841807,
								0,
								-0.12499999999999999,
								0.445648900080902,
								-0.06652648934605299,
								1
							]
						},
						{
							"uuid": "91af711d-0838-94e3-e562-86aa63af7d5a",
							"matrix": [
								-0.9255742180269966,
								0.3784206383771041,
								-0.010497017384900935,
								0,
								0.37856619886581777,
								0.9252183303753244,
								-0.025664649106956032,
								0,
								1.2241759166778681e-16,
								-0.027728353498938436,
								-0.9996154952841807,
								0,
								0.125,
								0.445648900080902,
								-0.06652648934605296,
								1
							]
						},
						{
							"uuid": "06fc9b2b-e287-d397-a8fe-dce1216063fb",
							"matrix": [
								-1,
								0,
								-1.2246467991473532e-16,
								0,
								3.3957439358101267e-18,
								0.9996154952841807,
								-0.027728353498938436,
								0,
								1.2241759166778681e-16,
								-0.027728353498938436,
								-0.9996154952841807,
								0,
								3.237659975245815e-20,
								0.3013557580174927,
								-0.000264375,
								1
							]
						}
					],
					"time": 0.5
				},
				{
					"nodes": [
						{
							"uuid": "331aaddb-2af5-6767-a85f-4eb9e8963d62",
							"matrix": [
								-0.9960378984561373,
								0.08892797588097073,
								0.0005656366279754919,
								0,
								0.08892977476122055,
								0.9960177505033463,
								0.006335285563596483,
								0,
								1.2246220268711847e-16,
								0.006360486456806704,
								-0.9999797719014284,
								0,
								-0.12499999999999999,
								0.4356151972374416,
								-0.061569633032464814,
								1
							]
						},
						{
							"uuid": "91af711d-0838-94e3-e562-86aa63af7d5a",
							"matrix": [
								-0.9960378984561373,
								-0.08892797588097073,
								-0.0005656366279757359,
								0,
								-0.08892977476122055,
								0.9960177505033463,
								0.006335285563596461,
								0,
								1.2246220268711847e-16,
								0.006360486456806704,
								-0.9999797719014284,
								0,
								0.125,
								0.4356151972374416,
								-0.06156963303246478,
								1
							]
						},
						{
							"uuid": "06fc9b2b-e287-d397-a8fe-dce1216063fb",
							"matrix": [
								-1,
								0,
								-1.2246467991473532e-16,
								0,
								-7.78934938034842e-19,
								0.9999797719014284,
								0.006360486456806704,
								0,
								1.2246220268711847e-16,
								0.006360486456806704,
								-0.9999797719014284,
								0,
								3.237659975245815e-20,
								0.28914730320699705,
								-0.000264375,
								1
							]
						}
					],
					"time": 0.55
				},
				{
					"nodes": [
						{
							"uuid": "331aaddb-2af5-6767-a85f-4eb9e8963d62",
							"matrix": [
								-0.8476703774954673,
								0.530100084184872,
								0.0211856523119733,
								0,
								0.5305232616169551,
								0.8469942243471432,
								0.033850447646807405,
								0,
								1.2236699468108647e-16,
								0.039933503099190644,
								-0.999202339534004,
								0,
								-0.12499999999999999,
								0.42556483241118886,
								-0.05661707063714669,
								1
							]
						},
						{
							"uuid": "91af711d-0838-94e3-e562-86aa63af7d5a",
							"matrix": [
								-0.8476703774954673,
								-0.530100084184872,
								-0.02118565231197351,
								0,
								-0.5305232616169551,
								0.8469942243471432,
								0.03385044764680728,
								0,
								1.2236699468108647e-16,
								0.039933503099190644,
								-0.999202339534004,
								0,
								0.125,
								0.42556483241118886,
								-0.05661707063714665,
								1
							]
						},
						{
							"uuid": "06fc9b2b-e287-d397-a8fe-dce1216063fb",
							"matrix": [
								-1,
								0,
								-1.2246467991473532e-16,
								0,
								-4.890443674916473e-18,
								0.999202339534004,
								0.039933503099190644,
								0,
								1.2236699468108647e-16,
								0.039933503099190644,
								-0.999202339534004,
								0,
								3.237659975245815e-20,
								0.27712106413994164,
								-0.000264375,
								1
							]
						}
					],
					"time": 0.6
				},
				{
					"nodes": [
						{
							"uuid": "331aaddb-2af5-6767-a85f-4eb9e8963d62",
							"matrix": [
								-0.5750343933241135,
								0.8162139505975565,
								0.055948488311109136,
								0,
								0.8181292358144701,
								0.5736882064082357,
								0.03932423341570432,
								0,
								1.2217798341158293e-16,
								0.06838588069207789,
								-0.9976589453926471,
								0,
								-0.12499999999999999,
								0.41690605098156647,
								-0.052364835481257,
								1
							]
						},
						{
							"uuid": "91af711d-0838-94e3-e562-86aa63af7d5a",
							"matrix": [
								-0.5750343933241135,
								-0.8162139505975565,
								-0.055948488311109275,
								0,
								-0.8181292358144701,
								0.5736882064082357,
								0.039324233415704124,
								0,
								1.2217798341158293e-16,
								0.06838588069207789,
								-0.9976589453926471,
								0,
								0.125,
								0.41690605098156647,
								-0.05236483548125697,
								1
							]
						},
						{
							"uuid": "06fc9b2b-e287-d397-a8fe-dce1216063fb",
							"matrix": [
								-1,
								0,
								-1.2246467991473532e-16,
								0,
								-8.374854989642597e-18,
								0.9976589453926471,
								0.06838588069207789,
								0,
								1.2217798341158293e-16,
								0.06838588069207789,
								-0.9976589453926471,
								0,
								3.237659975245815e-20,
								0.2669169825072886,
								-0.000264375,
								1
							]
						}
					],
					"time": 0.65
				},
				{
					"nodes": [
						{
							"uuid": "331aaddb-2af5-6767-a85f-4eb9e8963d62",
							"matrix": [
								-0.3420201433256689,
								0.9361168066628591,
								0.0818996083190893,
								0,
								0.9396926207859083,
								0.34071865342161023,
								0.029809019626209292,
								0,
								1.2199866483456202e-16,
								0.08715574274765818,
								-0.9961946980917455,
								0,
								-0.12499999999999999,
								0.4111183326459914,
								-0.04953189953556193,
								1
							]
						},
						{
							"uuid": "91af711d-0838-94e3-e562-86aa63af7d5a",
							"matrix": [
								-0.3420201433256689,
								-0.9361168066628591,
								-0.08189960831908938,
								0,
								-0.9396926207859083,
								0.34071865342161023,
								0.029809019626209063,
								0,
								1.2199866483456202e-16,
								0.08715574274765818,
								-0.9961946980917455,
								0,
								0.125,
								0.4111183326459914,
								-0.049531899535561905,
								1
							]
						},
						{
							"uuid": "06fc9b2b-e287-d397-a8fe-dce1216063fb",
							"matrix": [
								-1,
								0,
								-1.2246467991473532e-16,
								0,
								-1.0673500138322974e-17,
								0.9961946980917455,
								0.08715574274765818,
								0,
								1.2199866483456202e-16,
								0.08715574274765818,
								-0.9961946980917455,
								0,
								3.237659975245815e-20,
								0.260175,
								-0.000264375,
								1
							]
						}
					],
					"time": 0.7
				}
			],
			"duration": 15,
			"loop_mode": "loop",
			"affected_bones": [],
			"affected_bones_is_a_whitelist": false
		}
	}
}