{
	"project_settings": {
		"project_namespace": "ice_spike_small",
		"project_resolution": [
			16,
			16
		],
		"target_minecraft_version": "1.20+",
		"rig_item": "minecraft:light_blue_dye",
		"rig_item_model": "",
		"rig_export_folder": "",
		"texture_export_folder": "",
		"enable_advanced_resource_pack_settings": false,
		"verbose": true,
		"exporter": "animated_java:json_exporter"
	},
	"rig": {
		"default_pose": [
			{
				"uuid": "3ed80866-339a-472b-a79f-52a7c95e3b7e",
				"matrix": [
					-1,
					0,
					-1.2246467991473532e-16,
					0,
					0,
					1,
					0,
					0,
					1.2246467991473532e-16,
					0,
					-1,
					0,
					0.625,
					-0.875,
					7.654042494670958e-17,
					1
				]
			},
			{
				"uuid": "77e779ef-15fd-aadb-ba31-931e7f456f89",
				"matrix": [
					-1,
					0,
					-1.2246467991473532e-16,
					0,
					0,
					1,
					0,
					0,
					1.2246467991473532e-16,
					0,
					-1,
					0,
					-0.5625,
					-0.875,
					-6.888638245203862e-17,
					1
				]
			}
		],
		"node_map": {
			"3ed80866-339a-472b-a79f-52a7c95e3b7e": {
				"type": "bone",
				"name": "b1",
				"uuid": "3ed80866-339a-472b-a79f-52a7c95e3b7e",
				"nbt": "{}",
				"custom_model_data": 2,
				"resource_location": "animated_java:item/ice_spike_small/b1"
			},
			"77e779ef-15fd-aadb-ba31-931e7f456f89": {
				"type": "bone",
				"name": "b2",
				"uuid": "77e779ef-15fd-aadb-ba31-931e7f456f89",
				"nbt": "{}",
				"custom_model_data": 3,
				"resource_location": "animated_java:item/ice_spike_small/b2"
			}
		}
	},
	"variants": {},
	"animations": {
		"up": {
			"start_delay": 0,
			"loop_delay": 0,
			"frames": [
				{
					"nodes": [
						{
							"uuid": "3ed80866-339a-472b-a79f-52a7c95e3b7e",
							"matrix": [
								-1,
								0,
								-1.2246467991473532e-16,
								0,
								0,
								1,
								0,
								0,
								1.2246467991473532e-16,
								0,
								-1,
								0,
								0.625,
								-0.9375,
								7.654042494670958e-17,
								1
							]
						},
						{
							"uuid": "77e779ef-15fd-aadb-ba31-931e7f456f89",
							"matrix": [
								-1,
								0,
								-1.2246467991473532e-16,
								0,
								0,
								1,
								0,
								0,
								1.2246467991473532e-16,
								0,
								-1,
								0,
								-0.5625,
								-0.9375,
								-6.888638245203862e-17,
								1
							]
						}
					],
					"time": 0
				},
				{
					"nodes": [
						{
							"uuid": "3ed80866-339a-472b-a79f-52a7c95e3b7e",
							"matrix": [
								-0.99924795250423,
								0.03877537125681671,
								-1.2237258065888518e-16,
								0,
								0.03877537125681671,
								0.99924795250423,
								4.748613429541086e-18,
								0,
								1.2246467991473532e-16,
								0,
								-1,
								0,
								0.6064814814814815,
								-0.7337962962962963,
								7.427256050384411e-17,
								1
							]
						},
						{
							"uuid": "77e779ef-15fd-aadb-ba31-931e7f456f89",
							"matrix": [
								-0.99924795250423,
								-0.03877537125681671,
								-1.2237258065888518e-16,
								0,
								-0.03877537125681671,
								0.99924795250423,
								-4.748613429541086e-18,
								0,
								1.2246467991473532e-16,
								0,
								-1,
								0,
								-0.5439814814814815,
								-0.7337962962962963,
								-6.661851800917315e-17,
								1
							]
						}
					],
					"time": 0.05
				},
				{
					"nodes": [
						{
							"uuid": "3ed80866-339a-472b-a79f-52a7c95e3b7e",
							"matrix": [
								-0.9957604493106914,
								0.09198438774362745,
								-1.2194548469658685e-16,
								0,
								0.09198438774362745,
								0.9957604493106914,
								1.1264838602176239e-17,
								0,
								1.2246467991473532e-16,
								0,
								-1,
								0,
								0.5810185185185185,
								-0.45370370370370366,
								7.115424689490409e-17,
								1
							]
						},
						{
							"uuid": "77e779ef-15fd-aadb-ba31-931e7f456f89",
							"matrix": [
								-0.9957604493106914,
								-0.09198438774362745,
								-1.2194548469658685e-16,
								0,
								-0.09198438774362745,
								0.9957604493106914,
								-1.1264838602176239e-17,
								0,
								1.2246467991473532e-16,
								0,
								-1,
								0,
								-0.5185185185185185,
								-0.45370370370370366,
								-6.350020440023313e-17,
								1
							]
						}
					],
					"time": 0.1
				},
				{
					"nodes": [
						{
							"uuid": "3ed80866-339a-472b-a79f-52a7c95e3b7e",
							"matrix": [
								-0.9914448613738104,
								0.13052619222005157,
								-1.2141697760125282e-16,
								0,
								0.13052619222005157,
								0.9914448613738104,
								1.5984848350717833e-17,
								0,
								1.2246467991473532e-16,
								0,
								-1,
								0,
								0.5625,
								-0.25,
								6.888638245203862e-17,
								1
							]
						},
						{
							"uuid": "77e779ef-15fd-aadb-ba31-931e7f456f89",
							"matrix": [
								-0.9914448613738104,
								-0.13052619222005157,
								-1.2141697760125282e-16,
								0,
								-0.13052619222005157,
								0.9914448613738104,
								-1.5984848350717833e-17,
								0,
								1.2246467991473532e-16,
								0,
								-1,
								0,
								-0.5,
								-0.25,
								-6.123233995736766e-17,
								1
							]
						}
					],
					"time": 0.15
				}
			],
			"duration": 4,
			"loop_mode": "hold",
			"affected_bones": [],
			"affected_bones_is_a_whitelist": false
		},
		"down": {
			"start_delay": 0,
			"loop_delay": 0,
			"frames": [
				{
					"nodes": [
						{
							"uuid": "3ed80866-339a-472b-a79f-52a7c95e3b7e",
							"matrix": [
								-0.9914448613738104,
								0.13052619222005157,
								-1.2141697760125282e-16,
								0,
								0.13052619222005157,
								0.9914448613738104,
								1.5984848350717833e-17,
								0,
								1.2246467991473532e-16,
								0,
								-1,
								0,
								0.5625,
								-0.25,
								6.888638245203862e-17,
								1
							]
						},
						{
							"uuid": "77e779ef-15fd-aadb-ba31-931e7f456f89",
							"matrix": [
								-0.9914448613738104,
								-0.13052619222005157,
								-1.2141697760125282e-16,
								0,
								-0.13052619222005157,
								0.9914448613738104,
								-1.5984848350717833e-17,
								0,
								1.2246467991473532e-16,
								0,
								-1,
								0,
								-0.5,
								-0.25,
								-6.123233995736766e-17,
								1
							]
						}
					],
					"time": 0
				},
				{
					"nodes": [
						{
							"uuid": "3ed80866-339a-472b-a79f-52a7c95e3b7e",
							"matrix": [
								-0.9957604493106914,
								0.09198438774362742,
								-1.2194548469658685e-16,
								0,
								0.09198438774362742,
								0.9957604493106914,
								1.1264838602176236e-17,
								0,
								1.2246467991473532e-16,
								0,
								-1,
								0,
								0.5810185185185185,
								-0.4537037037037037,
								7.115424689490409e-17,
								1
							]
						},
						{
							"uuid": "77e779ef-15fd-aadb-ba31-931e7f456f89",
							"matrix": [
								-0.9957604493106914,
								-0.09198438774362742,
								-1.2194548469658685e-16,
								0,
								-0.09198438774362742,
								0.9957604493106914,
								-1.1264838602176236e-17,
								0,
								1.2246467991473532e-16,
								0,
								-1,
								0,
								-0.5185185185185185,
								-0.4537037037037037,
								-6.350020440023313e-17,
								1
							]
						}
					],
					"time": 0.05
				},
				{
					"nodes": [
						{
							"uuid": "3ed80866-339a-472b-a79f-52a7c95e3b7e",
							"matrix": [
								-0.99924795250423,
								0.038775371256816696,
								-1.2237258065888518e-16,
								0,
								0.038775371256816696,
								0.99924795250423,
								4.748613429541085e-18,
								0,
								1.2246467991473532e-16,
								0,
								-1,
								0,
								0.6064814814814815,
								-0.7337962962962963,
								7.427256050384411e-17,
								1
							]
						},
						{
							"uuid": "77e779ef-15fd-aadb-ba31-931e7f456f89",
							"matrix": [
								-0.99924795250423,
								-0.038775371256816696,
								-1.2237258065888518e-16,
								0,
								-0.038775371256816696,
								0.99924795250423,
								-4.748613429541085e-18,
								0,
								1.2246467991473532e-16,
								0,
								-1,
								0,
								-0.5439814814814815,
								-0.7337962962962963,
								-6.661851800917315e-17,
								1
							]
						}
					],
					"time": 0.1
				},
				{
					"nodes": [
						{
							"uuid": "3ed80866-339a-472b-a79f-52a7c95e3b7e",
							"matrix": [
								-1,
								0,
								-1.2246467991473532e-16,
								0,
								0,
								1,
								0,
								0,
								1.2246467991473532e-16,
								0,
								-1,
								0,
								0.625,
								-0.9375,
								7.654042494670958e-17,
								1
							]
						},
						{
							"uuid": "77e779ef-15fd-aadb-ba31-931e7f456f89",
							"matrix": [
								-1,
								0,
								-1.2246467991473532e-16,
								0,
								0,
								1,
								0,
								0,
								1.2246467991473532e-16,
								0,
								-1,
								0,
								-0.5625,
								-0.9375,
								-6.888638245203862e-17,
								1
							]
						}
					],
					"time": 0.15
				}
			],
			"duration": 4,
			"loop_mode": "hold",
			"affected_bones": [],
			"affected_bones_is_a_whitelist": false
		}
	}
}