{
	"project_settings": {
		"project_namespace": "iceologer",
		"project_resolution": [
			16,
			16
		],
		"target_minecraft_version": "1.20+",
		"rig_item": "minecraft:light_blue_dye",
		"rig_item_model": "",
		"rig_export_folder": "",
		"texture_export_folder": "",
		"enable_advanced_resource_pack_settings": false,
		"verbose": true,
		"exporter": "animated_java:json_exporter"
	},
	"rig": {
		"default_pose": [
			{
				"uuid": "e062eb19-77fd-05fc-be7c-fd698d83af99",
				"matrix": [
					-1,
					0,
					-1.2246467991473532e-16,
					0,
					0,
					1,
					0,
					0,
					1.2246467991473532e-16,
					0,
					-1,
					0,
					0,
					1.5,
					0,
					1
				]
			},
			{
				"uuid": "8862a971-faea-4d4c-a70e-c3e182187b17",
				"matrix": [
					-1,
					0,
					-1.2246467991473532e-16,
					0,
					0,
					1,
					0,
					0,
					1.2246467991473532e-16,
					0,
					-1,
					0,
					-0.375,
					0.75,
					-4.592425496802575e-17,
					1
				]
			},
			{
				"uuid": "d76d1c3c-8344-f3a5-9213-7da7a85036e1",
				"matrix": [
					-1,
					0,
					-1.2246467991473532e-16,
					0,
					0,
					1,
					0,
					0,
					1.2246467991473532e-16,
					0,
					-1,
					0,
					-0.3125,
					1.375,
					-3.827021247335479e-17,
					1
				]
			},
			{
				"uuid": "2887634e-e6e9-685e-333c-0f023b7aba7c",
				"matrix": [
					-1,
					0,
					-1.2246467991473532e-16,
					0,
					0,
					1,
					0,
					0,
					1.2246467991473532e-16,
					0,
					-1,
					0,
					0.375,
					0.75,
					4.592425496802575e-17,
					1
				]
			},
			{
				"uuid": "af335c28-a759-8d8b-492b-747294c1d44f",
				"matrix": [
					-1,
					0,
					-1.2246467991473532e-16,
					0,
					0,
					1,
					0,
					0,
					1.2246467991473532e-16,
					0,
					-1,
					0,
					0.3125,
					1.375,
					3.827021247335479e-17,
					1
				]
			},
			{
				"uuid": "7420f940-d82f-07a5-298f-9dc4a99e099e",
				"matrix": [
					-1,
					0,
					-1.2246467991473532e-16,
					0,
					0,
					1,
					0,
					0,
					1.2246467991473532e-16,
					0,
					-1,
					0,
					0,
					1.5,
					0,
					1
				]
			},
			{
				"uuid": "dde16d25-c042-6a88-d565-cdebd2d9f1bf",
				"matrix": [
					-1,
					0,
					-1.2246467991473532e-16,
					0,
					0,
					1,
					0,
					0,
					1.2246467991473532e-16,
					0,
					-1,
					0,
					0.125,
					0.75,
					1.5308084989341915e-17,
					1
				]
			},
			{
				"uuid": "2294d20d-bf8e-ef1d-582a-4bc5b80a9b1a",
				"matrix": [
					-1,
					0,
					-1.2246467991473532e-16,
					0,
					0,
					1,
					0,
					0,
					1.2246467991473532e-16,
					0,
					-1,
					0,
					-0.125,
					0.75,
					-1.5308084989341915e-17,
					1
				]
			}
		],
		"node_map": {
			"e062eb19-77fd-05fc-be7c-fd698d83af99": {
				"type": "bone",
				"name": "head",
				"uuid": "e062eb19-77fd-05fc-be7c-fd698d83af99",
				"nbt": "{}",
				"custom_model_data": 26,
				"resource_location": "animated_java:item/iceologer/head"
			},
			"8862a971-faea-4d4c-a70e-c3e182187b17": {
				"type": "locator",
				"name": "rarm",
				"uuid": "8862a971-faea-4d4c-a70e-c3e182187b17",
				"nbt": "{}",
				"entity_type": "minecraft:item_display"
			},
			"d76d1c3c-8344-f3a5-9213-7da7a85036e1": {
				"type": "bone",
				"name": "right_arm",
				"uuid": "d76d1c3c-8344-f3a5-9213-7da7a85036e1",
				"nbt": "{}",
				"custom_model_data": 27,
				"resource_location": "animated_java:item/iceologer/right_arm"
			},
			"2887634e-e6e9-685e-333c-0f023b7aba7c": {
				"type": "locator",
				"name": "larm",
				"uuid": "2887634e-e6e9-685e-333c-0f023b7aba7c",
				"nbt": "{}",
				"entity_type": "minecraft:item_display"
			},
			"af335c28-a759-8d8b-492b-747294c1d44f": {
				"type": "bone",
				"name": "left_arm",
				"uuid": "af335c28-a759-8d8b-492b-747294c1d44f",
				"nbt": "{}",
				"custom_model_data": 28,
				"resource_location": "animated_java:item/iceologer/left_arm"
			},
			"7420f940-d82f-07a5-298f-9dc4a99e099e": {
				"type": "bone",
				"name": "body",
				"uuid": "7420f940-d82f-07a5-298f-9dc4a99e099e",
				"nbt": "{}",
				"custom_model_data": 29,
				"resource_location": "animated_java:item/iceologer/body"
			},
			"dde16d25-c042-6a88-d565-cdebd2d9f1bf": {
				"type": "bone",
				"name": "left_leg",
				"uuid": "dde16d25-c042-6a88-d565-cdebd2d9f1bf",
				"nbt": "{}",
				"custom_model_data": 30,
				"resource_location": "animated_java:item/iceologer/left_leg"
			},
			"2294d20d-bf8e-ef1d-582a-4bc5b80a9b1a": {
				"type": "bone",
				"name": "right_leg",
				"uuid": "2294d20d-bf8e-ef1d-582a-4bc5b80a9b1a",
				"nbt": "{}",
				"custom_model_data": 31,
				"resource_location": "animated_java:item/iceologer/right_leg"
			}
		}
	},
	"variants": {},
	"animations": {
		"idle": {
			"start_delay": 0,
			"loop_delay": 0,
			"frames": [
				{
					"nodes": [
						{
							"uuid": "e062eb19-77fd-05fc-be7c-fd698d83af99",
							"matrix": [
								-1,
								0,
								-1.2246467991473532e-16,
								0,
								0,
								1,
								0,
								0,
								1.2246467991473532e-16,
								0,
								-1,
								0,
								0,
								1.5,
								0,
								1
							]
						},
						{
							"uuid": "8862a971-faea-4d4c-a70e-c3e182187b17",
							"matrix": [
								-0.9961946980917455,
								0.08715574274765818,
								-1.2199866483456202e-16,
								0,
								0.08715574274765818,
								0.9961946980917455,
								1.0673500138322974e-17,
								0,
								1.2246467991473532e-16,
								0,
								-1,
								0,
								-0.4292345078480205,
								0.7578255476143877,
								-5.256606661196677e-17,
								1
							]
						},
						{
							"uuid": "d76d1c3c-8344-f3a5-9213-7da7a85036e1",
							"matrix": [
								-0.9961946980917455,
								0.08715574274765818,
								-1.2199866483456202e-16,
								0,
								0.08715574274765818,
								0.9961946980917455,
								1.0673500138322974e-17,
								0,
								1.2246467991473532e-16,
								0,
								-1,
								0,
								-0.3125,
								1.375,
								-3.827021247335479e-17,
								1
							]
						},
						{
							"uuid": "2887634e-e6e9-685e-333c-0f023b7aba7c",
							"matrix": [
								-0.9961946980917455,
								-0.08715574274765818,
								-1.2199866483456202e-16,
								0,
								-0.08715574274765818,
								0.9961946980917455,
								-1.0673500138322974e-17,
								0,
								1.2246467991473532e-16,
								0,
								-1,
								0,
								0.4292345078480205,
								0.7578255476143877,
								5.256606661196677e-17,
								1
							]
						},
						{
							"uuid": "af335c28-a759-8d8b-492b-747294c1d44f",
							"matrix": [
								-0.9961946980917455,
								-0.08715574274765818,
								-1.2199866483456202e-16,
								0,
								-0.08715574274765818,
								0.9961946980917455,
								-1.0673500138322974e-17,
								0,
								1.2246467991473532e-16,
								0,
								-1,
								0,
								0.3125,
								1.375,
								3.827021247335479e-17,
								1
							]
						},
						{
							"uuid": "7420f940-d82f-07a5-298f-9dc4a99e099e",
							"matrix": [
								-1,
								0,
								-1.2246467991473532e-16,
								0,
								0,
								1,
								0,
								0,
								1.2246467991473532e-16,
								0,
								-1,
								0,
								0,
								1.5,
								0,
								1
							]
						},
						{
							"uuid": "dde16d25-c042-6a88-d565-cdebd2d9f1bf",
							"matrix": [
								-1,
								0,
								-1.2246467991473532e-16,
								0,
								0,
								1,
								0,
								0,
								1.2246467991473532e-16,
								0,
								-1,
								0,
								0.125,
								0.75,
								1.5308084989341915e-17,
								1
							]
						},
						{
							"uuid": "2294d20d-bf8e-ef1d-582a-4bc5b80a9b1a",
							"matrix": [
								-1,
								0,
								-1.2246467991473532e-16,
								0,
								0,
								1,
								0,
								0,
								1.2246467991473532e-16,
								0,
								-1,
								0,
								-0.125,
								0.75,
								-1.5308084989341915e-17,
								1
							]
						}
					],
					"time": 0
				},
				{
					"nodes": [
						{
							"uuid": "8862a971-faea-4d4c-a70e-c3e182187b17",
							"matrix": [
								-0.9963140618108588,
								0.0857804770209875,
								-1.2201328267421664e-16,
								0,
								0.0857804770209875,
								0.9963140618108588,
								1.0505078661308543e-17,
								0,
								1.2246467991473532e-16,
								0,
								-1,
								0,
								-0.42838242700129586,
								0.757664991182025,
								-5.246171680381117e-17,
								1
							]
						},
						{
							"uuid": "d76d1c3c-8344-f3a5-9213-7da7a85036e1",
							"matrix": [
								-0.9963140618108588,
								0.0857804770209875,
								-1.2201328267421664e-16,
								0,
								0.0857804770209875,
								0.9963140618108588,
								1.0505078661308543e-17,
								0,
								1.2246467991473532e-16,
								0,
								-1,
								0,
								-0.3125,
								1.375,
								-3.827021247335479e-17,
								1
							]
						},
						{
							"uuid": "2887634e-e6e9-685e-333c-0f023b7aba7c",
							"matrix": [
								-0.9963140618108588,
								-0.0857804770209875,
								-1.2201328267421664e-16,
								0,
								-0.0857804770209875,
								0.9963140618108588,
								-1.0505078661308543e-17,
								0,
								1.2246467991473532e-16,
								0,
								-1,
								0,
								0.42838242700129586,
								0.757664991182025,
								5.246171680381117e-17,
								1
							]
						},
						{
							"uuid": "af335c28-a759-8d8b-492b-747294c1d44f",
							"matrix": [
								-0.9963140618108588,
								-0.0857804770209875,
								-1.2201328267421664e-16,
								0,
								-0.0857804770209875,
								0.9963140618108588,
								-1.0505078661308543e-17,
								0,
								1.2246467991473532e-16,
								0,
								-1,
								0,
								0.3125,
								1.375,
								3.827021247335479e-17,
								1
							]
						}
					],
					"time": 0.05
				},
				{
					"nodes": [
						{
							"uuid": "8862a971-faea-4d4c-a70e-c3e182187b17",
							"matrix": [
								-0.9964674113593638,
								0.08398034352614014,
								-1.2203206257758938e-16,
								0,
								0.08398034352614014,
								0.9964674113593638,
								1.0284625889058267e-17,
								0,
								1.2246467991473532e-16,
								0,
								-1,
								0,
								-0.42726692791379783,
								0.7574566393707813,
								-5.232510756511554e-17,
								1
							]
						},
						{
							"uuid": "d76d1c3c-8344-f3a5-9213-7da7a85036e1",
							"matrix": [
								-0.9964674113593638,
								0.08398034352614014,
								-1.2203206257758938e-16,
								0,
								0.08398034352614014,
								0.9964674113593638,
								1.0284625889058267e-17,
								0,
								1.2246467991473532e-16,
								0,
								-1,
								0,
								-0.3125,
								1.375,
								-3.827021247335479e-17,
								1
							]
						},
						{
							"uuid": "2887634e-e6e9-685e-333c-0f023b7aba7c",
							"matrix": [
								-0.9964674113593638,
								-0.08398034352614014,
								-1.2203206257758938e-16,
								0,
								-0.08398034352614014,
								0.9964674113593638,
								-1.0284625889058267e-17,
								0,
								1.2246467991473532e-16,
								0,
								-1,
								0,
								0.42726692791379783,
								0.7574566393707813,
								5.232510756511554e-17,
								1
							]
						},
						{
							"uuid": "af335c28-a759-8d8b-492b-747294c1d44f",
							"matrix": [
								-0.9964674113593638,
								-0.08398034352614014,
								-1.2203206257758938e-16,
								0,
								-0.08398034352614014,
								0.9964674113593638,
								-1.0284625889058267e-17,
								0,
								1.2246467991473532e-16,
								0,
								-1,
								0,
								0.3125,
								1.375,
								3.827021247335479e-17,
								1
							]
						}
					],
					"time": 0.1
				},
				{
					"nodes": [
						{
							"uuid": "8862a971-faea-4d4c-a70e-c3e182187b17",
							"matrix": [
								-0.996647762081584,
								0.0818122138666984,
								-1.2205414917105848e-16,
								0,
								0.0818122138666984,
								0.996647762081584,
								1.001910658430109e-17,
								0,
								1.2246467991473532e-16,
								0,
								-1,
								0,
								-0.4259231187967855,
								0.7572084120656786,
								-5.216053841173412e-17,
								1
							]
						},
						{
							"uuid": "d76d1c3c-8344-f3a5-9213-7da7a85036e1",
							"matrix": [
								-0.996647762081584,
								0.0818122138666984,
								-1.2205414917105848e-16,
								0,
								0.0818122138666984,
								0.996647762081584,
								1.001910658430109e-17,
								0,
								1.2246467991473532e-16,
								0,
								-1,
								0,
								-0.3125,
								1.375,
								-3.827021247335479e-17,
								1
							]
						},
						{
							"uuid": "2887634e-e6e9-685e-333c-0f023b7aba7c",
							"matrix": [
								-0.996647762081584,
								-0.0818122138666984,
								-1.2205414917105848e-16,
								0,
								-0.0818122138666984,
								0.996647762081584,
								-1.001910658430109e-17,
								0,
								1.2246467991473532e-16,
								0,
								-1,
								0,
								0.4259231187967855,
								0.7572084120656786,
								5.216053841173412e-17,
								1
							]
						},
						{
							"uuid": "af335c28-a759-8d8b-492b-747294c1d44f",
							"matrix": [
								-0.996647762081584,
								-0.0818122138666984,
								-1.2205414917105848e-16,
								0,
								-0.0818122138666984,
								0.996647762081584,
								-1.001910658430109e-17,
								0,
								1.2246467991473532e-16,
								0,
								-1,
								0,
								0.3125,
								1.375,
								3.827021247335479e-17,
								1
							]
						}
					],
					"time": 0.15
				},
				{
					"nodes": [
						{
							"uuid": "8862a971-faea-4d4c-a70e-c3e182187b17",
							"matrix": [
								-0.9968481727767607,
								0.07933297190723029,
								-1.2207869240269476e-16,
								0,
								0.07933297190723029,
								0.9968481727767607,
								9.715487011303647e-18,
								0,
								1.2246467991473532e-16,
								0,
								-1,
								0,
								-0.4243861182405665,
								0.7569282027587265,
								-5.197231013058799e-17,
								1
							]
						},
						{
							"uuid": "d76d1c3c-8344-f3a5-9213-7da7a85036e1",
							"matrix": [
								-0.9968481727767607,
								0.07933297190723029,
								-1.2207869240269476e-16,
								0,
								0.07933297190723029,
								0.9968481727767607,
								9.715487011303647e-18,
								0,
								1.2246467991473532e-16,
								0,
								-1,
								0,
								-0.3125,
								1.375,
								-3.827021247335479e-17,
								1
							]
						},
						{
							"uuid": "2887634e-e6e9-685e-333c-0f023b7aba7c",
							"matrix": [
								-0.9968481727767607,
								-0.07933297190723029,
								-1.2207869240269476e-16,
								0,
								-0.07933297190723029,
								0.9968481727767607,
								-9.715487011303647e-18,
								0,
								1.2246467991473532e-16,
								0,
								-1,
								0,
								0.4243861182405665,
								0.7569282027587265,
								5.197231013058799e-17,
								1
							]
						},
						{
							"uuid": "af335c28-a759-8d8b-492b-747294c1d44f",
							"matrix": [
								-0.9968481727767607,
								-0.07933297190723029,
								-1.2207869240269476e-16,
								0,
								-0.07933297190723029,
								0.9968481727767607,
								-9.715487011303647e-18,
								0,
								1.2246467991473532e-16,
								0,
								-1,
								0,
								0.3125,
								1.375,
								3.827021247335479e-17,
								1
							]
						}
					],
					"time": 0.2
				},
				{
					"nodes": [
						{
							"uuid": "8862a971-faea-4d4c-a70e-c3e182187b17",
							"matrix": [
								-0.9970619398295999,
								0.07659953095963037,
								-1.2210487131639703e-16,
								0,
								0.07659953095963037,
								0.9970619398295999,
								9.380737040589992e-18,
								0,
								1.2246467991473532e-16,
								0,
								-1,
								0,
								-0.422691078089119,
								0.756623758291477,
								-5.176472758099835e-17,
								1
							]
						},
						{
							"uuid": "d76d1c3c-8344-f3a5-9213-7da7a85036e1",
							"matrix": [
								-0.9970619398295999,
								0.07659953095963037,
								-1.2210487131639703e-16,
								0,
								0.07659953095963037,
								0.9970619398295999,
								9.380737040589992e-18,
								0,
								1.2246467991473532e-16,
								0,
								-1,
								0,
								-0.3125,
								1.375,
								-3.827021247335479e-17,
								1
							]
						},
						{
							"uuid": "2887634e-e6e9-685e-333c-0f023b7aba7c",
							"matrix": [
								-0.9970619398295999,
								-0.07659953095963037,
								-1.2210487131639703e-16,
								0,
								-0.07659953095963037,
								0.9970619398295999,
								-9.380737040589992e-18,
								0,
								1.2246467991473532e-16,
								0,
								-1,
								0,
								0.422691078089119,
								0.756623758291477,
								5.176472758099835e-17,
								1
							]
						},
						{
							"uuid": "af335c28-a759-8d8b-492b-747294c1d44f",
							"matrix": [
								-0.9970619398295999,
								-0.07659953095963037,
								-1.2210487131639703e-16,
								0,
								-0.07659953095963037,
								0.9970619398295999,
								-9.380737040589992e-18,
								0,
								1.2246467991473532e-16,
								0,
								-1,
								0,
								0.3125,
								1.375,
								3.827021247335479e-17,
								1
							]
						}
					],
					"time": 0.25
				},
				{
					"nodes": [
						{
							"uuid": "8862a971-faea-4d4c-a70e-c3e182187b17",
							"matrix": [
								-0.9972827588416259,
								0.07366884631399863,
								-1.221319138460239e-16,
								0,
								0.07366884631399863,
								0.9972827588416259,
								9.021831683531671e-18,
								0,
								1.2246467991473532e-16,
								0,
								-1,
								0,
								-0.42087320137385076,
								0.7563025786186087,
								-5.1542101890938576e-17,
								1
							]
						},
						{
							"uuid": "d76d1c3c-8344-f3a5-9213-7da7a85036e1",
							"matrix": [
								-0.9972827588416259,
								0.07366884631399863,
								-1.221319138460239e-16,
								0,
								0.07366884631399863,
								0.9972827588416259,
								9.021831683531671e-18,
								0,
								1.2246467991473532e-16,
								0,
								-1,
								0,
								-0.3125,
								1.375,
								-3.827021247335479e-17,
								1
							]
						},
						{
							"uuid": "2887634e-e6e9-685e-333c-0f023b7aba7c",
							"matrix": [
								-0.9972827588416259,
								-0.07366884631399863,
								-1.221319138460239e-16,
								0,
								-0.07366884631399863,
								0.9972827588416259,
								-9.021831683531671e-18,
								0,
								1.2246467991473532e-16,
								0,
								-1,
								0,
								0.42087320137385076,
								0.7563025786186087,
								5.1542101890938576e-17,
								1
							]
						},
						{
							"uuid": "af335c28-a759-8d8b-492b-747294c1d44f",
							"matrix": [
								-0.9972827588416259,
								-0.07366884631399863,
								-1.221319138460239e-16,
								0,
								-0.07366884631399863,
								0.9972827588416259,
								-9.021831683531671e-18,
								0,
								1.2246467991473532e-16,
								0,
								-1,
								0,
								0.3125,
								1.375,
								3.827021247335479e-17,
								1
							]
						}
					],
					"time": 0.3
				},
				{
					"nodes": [
						{
							"uuid": "8862a971-faea-4d4c-a70e-c3e182187b17",
							"matrix": [
								-0.997504853743431,
								0.07059792318684917,
								-1.2215911262708414e-16,
								0,
								0.07059792318684917,
								0.997504853743431,
								8.645752065722554e-18,
								0,
								1.2246467991473532e-16,
								0,
								-1,
								0,
								-0.41896775535074515,
								0.7559718366095337,
								-5.1308752053624146e-17,
								1
							]
						},
						{
							"uuid": "d76d1c3c-8344-f3a5-9213-7da7a85036e1",
							"matrix": [
								-0.997504853743431,
								0.07059792318684917,
								-1.2215911262708414e-16,
								0,
								0.07059792318684917,
								0.997504853743431,
								8.645752065722554e-18,
								0,
								1.2246467991473532e-16,
								0,
								-1,
								0,
								-0.3125,
								1.375,
								-3.827021247335479e-17,
								1
							]
						},
						{
							"uuid": "2887634e-e6e9-685e-333c-0f023b7aba7c",
							"matrix": [
								-0.997504853743431,
								-0.07059792318684917,
								-1.2215911262708414e-16,
								0,
								-0.07059792318684917,
								0.997504853743431,
								-8.645752065722554e-18,
								0,
								1.2246467991473532e-16,
								0,
								-1,
								0,
								0.41896775535074515,
								0.7559718366095337,
								5.1308752053624146e-17,
								1
							]
						},
						{
							"uuid": "af335c28-a759-8d8b-492b-747294c1d44f",
							"matrix": [
								-0.997504853743431,
								-0.07059792318684917,
								-1.2215911262708414e-16,
								0,
								-0.07059792318684917,
								0.997504853743431,
								-8.645752065722554e-18,
								0,
								1.2246467991473532e-16,
								0,
								-1,
								0,
								0.3125,
								1.375,
								3.827021247335479e-17,
								1
							]
						}
					],
					"time": 0.35
				},
				{
					"nodes": [
						{
							"uuid": "8862a971-faea-4d4c-a70e-c3e182187b17",
							"matrix": [
								-0.9977230733479613,
								0.06744382039222532,
								-1.2218583682110407e-16,
								0,
								0.06744382039222532,
								0.9977230733479613,
								8.259485876560773e-18,
								0,
								1.2246467991473532e-16,
								0,
								-1,
								0,
								-0.4170100798293884,
								0.7556383179320383,
								-5.1069005947524275e-17,
								1
							]
						},
						{
							"uuid": "d76d1c3c-8344-f3a5-9213-7da7a85036e1",
							"matrix": [
								-0.9977230733479613,
								0.06744382039222532,
								-1.2218583682110407e-16,
								0,
								0.06744382039222532,
								0.9977230733479613,
								8.259485876560773e-18,
								0,
								1.2246467991473532e-16,
								0,
								-1,
								0,
								-0.3125,
								1.375,
								-3.827021247335479e-17,
								1
							]
						},
						{
							"uuid": "2887634e-e6e9-685e-333c-0f023b7aba7c",
							"matrix": [
								-0.9977230733479613,
								-0.06744382039222532,
								-1.2218583682110407e-16,
								0,
								-0.06744382039222532,
								0.9977230733479613,
								-8.259485876560773e-18,
								0,
								1.2246467991473532e-16,
								0,
								-1,
								0,
								0.4170100798293884,
								0.7556383179320383,
								5.1069005947524275e-17,
								1
							]
						},
						{
							"uuid": "af335c28-a759-8d8b-492b-747294c1d44f",
							"matrix": [
								-0.9977230733479613,
								-0.06744382039222532,
								-1.2218583682110407e-16,
								0,
								-0.06744382039222532,
								0.9977230733479613,
								-8.259485876560773e-18,
								0,
								1.2246467991473532e-16,
								0,
								-1,
								0,
								0.3125,
								1.375,
								3.827021247335479e-17,
								1
							]
						}
					],
					"time": 0.4
				},
				{
					"nodes": [
						{
							"uuid": "8862a971-faea-4d4c-a70e-c3e182187b17",
							"matrix": [
								-0.9979329552931606,
								0.06426365022202503,
								-1.2221153994634278e-16,
								0,
								0.06426365022202503,
								0.9979329552931606,
								7.870027354592804e-18,
								0,
								1.2246467991473532e-16,
								0,
								-1,
								0,
								-0.4150355910945882,
								0.7553083810806511,
								-5.082720081662171e-17,
								1
							]
						},
						{
							"uuid": "d76d1c3c-8344-f3a5-9213-7da7a85036e1",
							"matrix": [
								-0.9979329552931606,
								0.06426365022202503,
								-1.2221153994634278e-16,
								0,
								0.06426365022202503,
								0.9979329552931606,
								7.870027354592804e-18,
								0,
								1.2246467991473532e-16,
								0,
								-1,
								0,
								-0.3125,
								1.375,
								-3.827021247335479e-17,
								1
							]
						},
						{
							"uuid": "2887634e-e6e9-685e-333c-0f023b7aba7c",
							"matrix": [
								-0.9979329552931606,
								-0.06426365022202503,
								-1.2221153994634278e-16,
								0,
								-0.06426365022202503,
								0.9979329552931606,
								-7.870027354592804e-18,
								0,
								1.2246467991473532e-16,
								0,
								-1,
								0,
								0.4150355910945882,
								0.7553083810806511,
								5.082720081662171e-17,
								1
							]
						},
						{
							"uuid": "af335c28-a759-8d8b-492b-747294c1d44f",
							"matrix": [
								-0.9979329552931606,
								-0.06426365022202503,
								-1.2221153994634278e-16,
								0,
								-0.06426365022202503,
								0.9979329552931606,
								-7.870027354592804e-18,
								0,
								1.2246467991473532e-16,
								0,
								-1,
								0,
								0.3125,
								1.375,
								3.827021247335479e-17,
								1
							]
						}
					],
					"time": 0.45
				},
				{
					"nodes": [
						{
							"uuid": "8862a971-faea-4d4c-a70e-c3e182187b17",
							"matrix": [
								-0.9981307573179896,
								0.06111457515042165,
								-1.2223576370799995e-16,
								0,
								0.06111457515042165,
								0.9981307573179896,
								7.484376883921425e-18,
								0,
								1.2246467991473532e-16,
								0,
								-1,
								0,
								-0.4130797818013879,
								0.7549879376231579,
								-5.058768325755567e-17,
								1
							]
						},
						{
							"uuid": "d76d1c3c-8344-f3a5-9213-7da7a85036e1",
							"matrix": [
								-0.9981307573179896,
								0.06111457515042165,
								-1.2223576370799995e-16,
								0,
								0.06111457515042165,
								0.9981307573179896,
								7.484376883921425e-18,
								0,
								1.2246467991473532e-16,
								0,
								-1,
								0,
								-0.3125,
								1.375,
								-3.827021247335479e-17,
								1
							]
						},
						{
							"uuid": "2887634e-e6e9-685e-333c-0f023b7aba7c",
							"matrix": [
								-0.9981307573179896,
								-0.06111457515042165,
								-1.2223576370799995e-16,
								0,
								-0.06111457515042165,
								0.9981307573179896,
								-7.484376883921425e-18,
								0,
								1.2246467991473532e-16,
								0,
								-1,
								0,
								0.4130797818013879,
								0.7549879376231579,
								5.058768325755567e-17,
								1
							]
						},
						{
							"uuid": "af335c28-a759-8d8b-492b-747294c1d44f",
							"matrix": [
								-0.9981307573179896,
								-0.06111457515042165,
								-1.2223576370799995e-16,
								0,
								-0.06111457515042165,
								0.9981307573179896,
								-7.484376883921425e-18,
								0,
								1.2246467991473532e-16,
								0,
								-1,
								0,
								0.3125,
								1.375,
								3.827021247335479e-17,
								1
							]
						}
					],
					"time": 0.5
				},
				{
					"nodes": [
						{
							"uuid": "8862a971-faea-4d4c-a70e-c3e182187b17",
							"matrix": [
								-0.9983134558179232,
								0.05805380205357377,
								-1.2225813782131523e-16,
								0,
								0.05805380205357377,
								0.9983134558179232,
								7.109540286324316e-18,
								0,
								1.2246467991473532e-16,
								0,
								-1,
								0,
								-0.4111782172721038,
								0.7546824527421463,
								-5.035480876613969e-17,
								1
							]
						},
						{
							"uuid": "d76d1c3c-8344-f3a5-9213-7da7a85036e1",
							"matrix": [
								-0.9983134558179232,
								0.05805380205357377,
								-1.2225813782131523e-16,
								0,
								0.05805380205357377,
								0.9983134558179232,
								7.109540286324316e-18,
								0,
								1.2246467991473532e-16,
								0,
								-1,
								0,
								-0.3125,
								1.375,
								-3.827021247335479e-17,
								1
							]
						},
						{
							"uuid": "2887634e-e6e9-685e-333c-0f023b7aba7c",
							"matrix": [
								-0.9983134558179232,
								-0.05805380205357377,
								-1.2225813782131523e-16,
								0,
								-0.05805380205357377,
								0.9983134558179232,
								-7.109540286324316e-18,
								0,
								1.2246467991473532e-16,
								0,
								-1,
								0,
								0.4111782172721038,
								0.7546824527421463,
								5.035480876613969e-17,
								1
							]
						},
						{
							"uuid": "af335c28-a759-8d8b-492b-747294c1d44f",
							"matrix": [
								-0.9983134558179232,
								-0.05805380205357377,
								-1.2225813782131523e-16,
								0,
								-0.05805380205357377,
								0.9983134558179232,
								-7.109540286324316e-18,
								0,
								1.2246467991473532e-16,
								0,
								-1,
								0,
								0.3125,
								1.375,
								3.827021247335479e-17,
								1
							]
						}
					],
					"time": 0.55
				},
				{
					"nodes": [
						{
							"uuid": "8862a971-faea-4d4c-a70e-c3e182187b17",
							"matrix": [
								-0.9984787116330992,
								0.05513857465972702,
								-1.222783758218248e-16,
								0,
								0.05513857465972702,
								0.9984787116330992,
								6.7525278966582056e-18,
								0,
								1.2246467991473532e-16,
								0,
								-1,
								0,
								-0.4093665286393981,
								0.754396966145546,
								-5.013294089763022e-17,
								1
							]
						},
						{
							"uuid": "d76d1c3c-8344-f3a5-9213-7da7a85036e1",
							"matrix": [
								-0.9984787116330992,
								0.05513857465972702,
								-1.222783758218248e-16,
								0,
								0.05513857465972702,
								0.9984787116330992,
								6.7525278966582056e-18,
								0,
								1.2246467991473532e-16,
								0,
								-1,
								0,
								-0.3125,
								1.375,
								-3.827021247335479e-17,
								1
							]
						},
						{
							"uuid": "2887634e-e6e9-685e-333c-0f023b7aba7c",
							"matrix": [
								-0.9984787116330992,
								-0.05513857465972702,
								-1.222783758218248e-16,
								0,
								-0.05513857465972702,
								0.9984787116330992,
								-6.7525278966582056e-18,
								0,
								1.2246467991473532e-16,
								0,
								-1,
								0,
								0.4093665286393981,
								0.754396966145546,
								5.013294089763022e-17,
								1
							]
						},
						{
							"uuid": "af335c28-a759-8d8b-492b-747294c1d44f",
							"matrix": [
								-0.9984787116330992,
								-0.05513857465972702,
								-1.222783758218248e-16,
								0,
								-0.05513857465972702,
								0.9984787116330992,
								-6.7525278966582056e-18,
								0,
								1.2246467991473532e-16,
								0,
								-1,
								0,
								0.3125,
								1.375,
								3.827021247335479e-17,
								1
							]
						}
					],
					"time": 0.6
				},
				{
					"nodes": [
						{
							"uuid": "8862a971-faea-4d4c-a70e-c3e182187b17",
							"matrix": [
								-0.9986248030327403,
								0.052426164916200356,
								-1.2229626685832014e-16,
								0,
								0.052426164916200356,
								0.9986248030327403,
								6.420353505619603e-18,
								0,
								1.2246467991473532e-16,
								0,
								-1,
								0,
								-0.4076804032621715,
								0.7541361334117999,
								-4.9926450093012053e-17,
								1
							]
						},
						{
							"uuid": "d76d1c3c-8344-f3a5-9213-7da7a85036e1",
							"matrix": [
								-0.9986248030327403,
								0.052426164916200356,
								-1.2229626685832014e-16,
								0,
								0.052426164916200356,
								0.9986248030327403,
								6.420353505619603e-18,
								0,
								1.2246467991473532e-16,
								0,
								-1,
								0,
								-0.3125,
								1.375,
								-3.827021247335479e-17,
								1
							]
						},
						{
							"uuid": "2887634e-e6e9-685e-333c-0f023b7aba7c",
							"matrix": [
								-0.9986248030327403,
								-0.052426164916200356,
								-1.2229626685832014e-16,
								0,
								-0.052426164916200356,
								0.9986248030327403,
								-6.420353505619603e-18,
								0,
								1.2246467991473532e-16,
								0,
								-1,
								0,
								0.4076804032621715,
								0.7541361334117999,
								4.9926450093012053e-17,
								1
							]
						},
						{
							"uuid": "af335c28-a759-8d8b-492b-747294c1d44f",
							"matrix": [
								-0.9986248030327403,
								-0.052426164916200356,
								-1.2229626685832014e-16,
								0,
								-0.052426164916200356,
								0.9986248030327403,
								-6.420353505619603e-18,
								0,
								1.2246467991473532e-16,
								0,
								-1,
								0,
								0.3125,
								1.375,
								3.827021247335479e-17,
								1
							]
						}
					],
					"time": 0.65
				},
				{
					"nodes": [
						{
							"uuid": "8862a971-faea-4d4c-a70e-c3e182187b17",
							"matrix": [
								-0.9987505258717263,
								0.04997386387853368,
								-1.2231166346555454e-16,
								0,
								0.04997386387853368,
								0.9987505258717263,
								6.12003324398718e-18,
								0,
								1.2246467991473532e-16,
								0,
								-1,
								0,
								-0.40615557279106645,
								0.7539042878225795,
								-4.973971221744394e-17,
								1
							]
						},
						{
							"uuid": "d76d1c3c-8344-f3a5-9213-7da7a85036e1",
							"matrix": [
								-0.9987505258717263,
								0.04997386387853368,
								-1.2231166346555454e-16,
								0,
								0.04997386387853368,
								0.9987505258717263,
								6.12003324398718e-18,
								0,
								1.2246467991473532e-16,
								0,
								-1,
								0,
								-0.3125,
								1.375,
								-3.827021247335479e-17,
								1
							]
						},
						{
							"uuid": "2887634e-e6e9-685e-333c-0f023b7aba7c",
							"matrix": [
								-0.9987505258717263,
								-0.04997386387853368,
								-1.2231166346555454e-16,
								0,
								-0.04997386387853368,
								0.9987505258717263,
								-6.12003324398718e-18,
								0,
								1.2246467991473532e-16,
								0,
								-1,
								0,
								0.40615557279106645,
								0.7539042878225795,
								4.973971221744394e-17,
								1
							]
						},
						{
							"uuid": "af335c28-a759-8d8b-492b-747294c1d44f",
							"matrix": [
								-0.9987505258717263,
								-0.04997386387853368,
								-1.2231166346555454e-16,
								0,
								-0.04997386387853368,
								0.9987505258717263,
								-6.12003324398718e-18,
								0,
								1.2246467991473532e-16,
								0,
								-1,
								0,
								0.3125,
								1.375,
								3.827021247335479e-17,
								1
							]
						}
					],
					"time": 0.7
				},
				{
					"nodes": [
						{
							"uuid": "8862a971-faea-4d4c-a70e-c3e182187b17",
							"matrix": [
								-0.9988550609078515,
								0.04783897259319274,
								-1.2232446531529347e-16,
								0,
								0.04783897259319274,
								0.9988550609078515,
								5.858584466075144e-18,
								0,
								1.2246467991473532e-16,
								0,
								-1,
								0,
								-0.4048277991774862,
								0.7537055227196673,
								-4.9577106846857597e-17,
								1
							]
						},
						{
							"uuid": "d76d1c3c-8344-f3a5-9213-7da7a85036e1",
							"matrix": [
								-0.9988550609078515,
								0.04783897259319274,
								-1.2232446531529347e-16,
								0,
								0.04783897259319274,
								0.9988550609078515,
								5.858584466075144e-18,
								0,
								1.2246467991473532e-16,
								0,
								-1,
								0,
								-0.3125,
								1.375,
								-3.827021247335479e-17,
								1
							]
						},
						{
							"uuid": "2887634e-e6e9-685e-333c-0f023b7aba7c",
							"matrix": [
								-0.9988550609078515,
								-0.04783897259319274,
								-1.2232446531529347e-16,
								0,
								-0.04783897259319274,
								0.9988550609078515,
								-5.858584466075144e-18,
								0,
								1.2246467991473532e-16,
								0,
								-1,
								0,
								0.4048277991774862,
								0.7537055227196673,
								4.9577106846857597e-17,
								1
							]
						},
						{
							"uuid": "af335c28-a759-8d8b-492b-747294c1d44f",
							"matrix": [
								-0.9988550609078515,
								-0.04783897259319274,
								-1.2232446531529347e-16,
								0,
								-0.04783897259319274,
								0.9988550609078515,
								-5.858584466075144e-18,
								0,
								1.2246467991473532e-16,
								0,
								-1,
								0,
								0.3125,
								1.375,
								3.827021247335479e-17,
								1
							]
						}
					],
					"time": 0.75
				},
				{
					"nodes": [
						{
							"uuid": "8862a971-faea-4d4c-a70e-c3e182187b17",
							"matrix": [
								-0.9989378082802879,
								0.046078793258664354,
								-1.223345989457727e-16,
								0,
								0.046078793258664354,
								0.9989378082802879,
								5.643024667279594e-18,
								0,
								1.2246467991473532e-16,
								0,
								-1,
								0,
								-0.4037328588041832,
								0.7535437944034865,
								-4.9443015324515327e-17,
								1
							]
						},
						{
							"uuid": "d76d1c3c-8344-f3a5-9213-7da7a85036e1",
							"matrix": [
								-0.9989378082802879,
								0.046078793258664354,
								-1.223345989457727e-16,
								0,
								0.046078793258664354,
								0.9989378082802879,
								5.643024667279594e-18,
								0,
								1.2246467991473532e-16,
								0,
								-1,
								0,
								-0.3125,
								1.375,
								-3.827021247335479e-17,
								1
							]
						},
						{
							"uuid": "2887634e-e6e9-685e-333c-0f023b7aba7c",
							"matrix": [
								-0.9989378082802879,
								-0.046078793258664354,
								-1.223345989457727e-16,
								0,
								-0.046078793258664354,
								0.9989378082802879,
								-5.643024667279594e-18,
								0,
								1.2246467991473532e-16,
								0,
								-1,
								0,
								0.4037328588041832,
								0.7535437944034865,
								4.9443015324515327e-17,
								1
							]
						},
						{
							"uuid": "af335c28-a759-8d8b-492b-747294c1d44f",
							"matrix": [
								-0.9989378082802879,
								-0.046078793258664354,
								-1.223345989457727e-16,
								0,
								-0.046078793258664354,
								0.9989378082802879,
								-5.643024667279594e-18,
								0,
								1.2246467991473532e-16,
								0,
								-1,
								0,
								0.3125,
								1.375,
								3.827021247335479e-17,
								1
							]
						}
					],
					"time": 0.8
				},
				{
					"nodes": [
						{
							"uuid": "8862a971-faea-4d4c-a70e-c3e182187b17",
							"matrix": [
								-0.9989981891605315,
								0.044750620710542297,
								-1.223419934709447e-16,
								0,
								0.044750620710542297,
								0.9989981891605315,
								5.480370441302288e-18,
								0,
								1.2246467991473532e-16,
								0,
								-1,
								0,
								-0.40290652476662214,
								0.7534230455690768,
								-4.9341818591102765e-17,
								1
							]
						},
						{
							"uuid": "d76d1c3c-8344-f3a5-9213-7da7a85036e1",
							"matrix": [
								-0.9989981891605315,
								0.044750620710542297,
								-1.223419934709447e-16,
								0,
								0.044750620710542297,
								0.9989981891605315,
								5.480370441302288e-18,
								0,
								1.2246467991473532e-16,
								0,
								-1,
								0,
								-0.3125,
								1.375,
								-3.827021247335479e-17,
								1
							]
						},
						{
							"uuid": "2887634e-e6e9-685e-333c-0f023b7aba7c",
							"matrix": [
								-0.9989981891605315,
								-0.044750620710542297,
								-1.223419934709447e-16,
								0,
								-0.044750620710542297,
								0.9989981891605315,
								-5.480370441302288e-18,
								0,
								1.2246467991473532e-16,
								0,
								-1,
								0,
								0.40290652476662214,
								0.7534230455690768,
								4.9341818591102765e-17,
								1
							]
						},
						{
							"uuid": "af335c28-a759-8d8b-492b-747294c1d44f",
							"matrix": [
								-0.9989981891605315,
								-0.044750620710542297,
								-1.223419934709447e-16,
								0,
								-0.044750620710542297,
								0.9989981891605315,
								-5.480370441302288e-18,
								0,
								1.2246467991473532e-16,
								0,
								-1,
								0,
								0.3125,
								1.375,
								3.827021247335479e-17,
								1
							]
						}
					],
					"time": 0.85
				},
				{
					"nodes": [
						{
							"uuid": "8862a971-faea-4d4c-a70e-c3e182187b17",
							"matrix": [
								-0.9990354145967442,
								0.04391173398433983,
								-1.2234655227207517e-16,
								0,
								0.04391173398433983,
								0.9990354145967442,
