{
	"project_settings": {
		"project_namespace": "penguin",
		"project_resolution": [
			64,
			64
		],
		"target_minecraft_version": "1.19.4",
		"rig_item": "minecraft:white_dye",
		"rig_item_model": "",
		"rig_export_folder": "",
		"texture_export_folder": "",
		"enable_advanced_resource_pack_settings": false,
		"verbose": true,
		"exporter": "animated_java:json_exporter"
	},
	"rig": {
		"default_pose": [
			{
				"uuid": "df59ee4a-74f7-3dde-3fbf-82cc60204ca5",
				"matrix": [
					-1,
					0,
					-1.2246467991473532e-16,
					0,
					0,
					1,
					0,
					0,
					1.2246467991473532e-16,
					0,
					-1,
					0,
					-0.25,
					0.5625,
					-3.061616997868383e-17,
					1
				]
			},
			{
				"uuid": "3e73827f-27fa-bb3f-4837-8265af6bf3c9",
				"matrix": [
					-1,
					0,
					-1.2246467991473532e-16,
					0,
					0,
					1,
					0,
					0,
					1.2246467991473532e-16,
					0,
					-1,
					0,
					0.25,
					0.5625,
					3.061616997868383e-17,
					1
				]
			},
			{
				"uuid": "3328a425-146b-273f-eeae-cd267de4c87e",
				"matrix": [
					-1,
					0,
					-1.2246467991473532e-16,
					0,
					0,
					1,
					0,
					0,
					1.2246467991473532e-16,
					0,
					-1,
					0,
					0,
					0,
					0,
					1
				]
			},
			{
				"uuid": "d8ec7c47-43ae-e354-9aaf-6529ae3bf38b",
				"matrix": [
					-1,
					0,
					-1.2246467991473532e-16,
					0,
					0,
					1,
					0,
					0,
					1.2246467991473532e-16,
					0,
					-1,
					0,
					0,
					0.5,
					0,
					1
				]
			}
		],
		"node_map": {
			"df59ee4a-74f7-3dde-3fbf-82cc60204ca5": {
				"type": "bone",
				"name": "wing_r",
				"uuid": "df59ee4a-74f7-3dde-3fbf-82cc60204ca5",
				"nbt": "{}",
				"custom_model_data": 12,
				"resource_location": "animated_java:item/penguin/wing_r"
			},
			"3e73827f-27fa-bb3f-4837-8265af6bf3c9": {
				"type": "bone",
				"name": "wing_l",
				"uuid": "3e73827f-27fa-bb3f-4837-8265af6bf3c9",
				"nbt": "{}",
				"custom_model_data": 13,
				"resource_location": "animated_java:item/penguin/wing_l"
			},
			"3328a425-146b-273f-eeae-cd267de4c87e": {
				"type": "bone",
				"name": "torso",
				"uuid": "3328a425-146b-273f-eeae-cd267de4c87e",
				"nbt": "{}",
				"custom_model_data": 14,
				"resource_location": "animated_java:item/penguin/torso"
			},
			"d8ec7c47-43ae-e354-9aaf-6529ae3bf38b": {
				"type": "bone",
				"name": "head",
				"uuid": "d8ec7c47-43ae-e354-9aaf-6529ae3bf38b",
				"nbt": "{}",
				"custom_model_data": 15,
				"resource_location": "animated_java:item/penguin/head"
			}
		}
	},
	"variants": {
		"30c8c227-bd65-3d08-9f6d-c342cc7213cb": {
			"name": "hurt",
			"uuid": "30c8c227-bd65-3d08-9f6d-c342cc7213cb",
			"models": {
				"df59ee4a-74f7-3dde-3fbf-82cc60204ca5": {
					"custom_model_data": 16,
					"resource_location": "animated_java:item/penguin/hurt/wing_r"
				},
				"3e73827f-27fa-bb3f-4837-8265af6bf3c9": {
					"custom_model_data": 17,
					"resource_location": "animated_java:item/penguin/hurt/wing_l"
				},
				"3328a425-146b-273f-eeae-cd267de4c87e": {
					"custom_model_data": 18,
					"resource_location": "animated_java:item/penguin/hurt/torso"
				},
				"d8ec7c47-43ae-e354-9aaf-6529ae3bf38b": {
					"custom_model_data": 19,
					"resource_location": "animated_java:item/penguin/hurt/head"
				}
			},
			"affected_bones": [],
			"affected_bones_is_a_whitelist": false
		}
	},
	"animations": {
		"idle": {
			"start_delay": 0,
			"loop_delay": 0,
			"frames": [
				{
					"nodes": [
						{
							"uuid": "df59ee4a-74f7-3dde-3fbf-82cc60204ca5",
							"matrix": [
								-0.9990482215818578,
								0.043619387365336,
								-1.223481206754078e-16,
								0,
								0.043619387365336,
								0.9990482215818578,
								5.341834311772723e-18,
								0,
								1.2246467991473532e-16,
								0,
								-1,
								0,
								-0.25,
								0.5625,
								-3.061616997868383e-17,
								1
							]
						},
						{
							"uuid": "3e73827f-27fa-bb3f-4837-8265af6bf3c9",
							"matrix": [
								-0.9990482215818578,
								-0.043619387365336,
								-1.223481206754078e-16,
								0,
								-0.043619387365336,
								0.9990482215818578,
								-5.341834311772723e-18,
								0,
								1.2246467991473532e-16,
								0,
								-1,
								0,
								0.25,
								0.5625,
								3.061616997868383e-17,
								1
							]
						},
						{
							"uuid": "3328a425-146b-273f-eeae-cd267de4c87e",
							"matrix": [
								-1,
								0,
								-1.2246467991473532e-16,
								0,
								0,
								1,
								0,
								0,
								1.2246467991473532e-16,
								0,
								-1,
								0,
								0,
								0,
								0,
								1
							]
						},
						{
							"uuid": "d8ec7c47-43ae-e354-9aaf-6529ae3bf38b",
							"matrix": [
								-1,
								0,
								-1.2246467991473532e-16,
								0,
								0,
								1,
								0,
								0,
								1.2246467991473532e-16,
								0,
								-1,
								0,
								0,
								0.5,
								0,
								1
							]
						}
					],
					"time": 0
				},
				{
					"nodes": [
						{
							"uuid": "df59ee4a-74f7-3dde-3fbf-82cc60204ca5",
							"matrix": [
								-0.9989313591212902,
								0.046218392054375765,
								-1.2233380915158033e-16,
								0,
								0.046218392054375765,
								0.9989313591212902,
								5.6601205891128745e-18,
								0,
								1.2246467991473532e-16,
								0,
								-1,
								0,
								-0.25,
								0.5625,
								-3.061616997868383e-17,
								1
							]
						},
						{
							"uuid": "3e73827f-27fa-bb3f-4837-8265af6bf3c9",
							"matrix": [
								-0.9989313591212902,
								-0.046218392054375765,
								-1.2233380915158033e-16,
								0,
								-0.046218392054375765,
								0.9989313591212902,
								-5.6601205891128745e-18,
								0,
								1.2246467991473532e-16,
								0,
								-1,
								0,
								0.25,
								0.5625,
								3.061616997868383e-17,
								1
							]
						}
					],
					"time": 0.05
				},
				{
					"nodes": [
						{
							"uuid": "df59ee4a-74f7-3dde-3fbf-82cc60204ca5",
							"matrix": [
								-0.9987696275194275,
								0.049590635655373805,
								-1.2231400274272612e-16,
								0,
								0.049590635655373805,
								0.9987696275194275,
								6.0731013223036135e-18,
								0,
								1.2246467991473532e-16,
								0,
								-1,
								0,
								-0.25,
								0.5625,
								-3.061616997868383e-17,
								1
							]
						},
						{
							"uuid": "3e73827f-27fa-bb3f-4837-8265af6bf3c9",
							"matrix": [
								-0.9987696275194275,
								-0.049590635655373805,
								-1.2231400274272612e-16,
								0,
								-0.049590635655373805,
								0.9987696275194275,
								-6.0731013223036135e-18,
								0,
								1.2246467991473532e-16,
								0,
								-1,
								0,
								0.25,
								0.5625,
								3.061616997868383e-17,
								1
							]
						}
					],
					"time": 0.1
				},
				{
					"nodes": [
						{
							"uuid": "df59ee4a-74f7-3dde-3fbf-82cc60204ca5",
							"matrix": [
								-0.9985604641683212,
								0.05363766773403696,
								-1.2228838761988298e-16,
								0,
								0.05363766773403696,
								0.9985604641683212,
								6.568719810421763e-18,
								0,
								1.2246467991473532e-16,
								0,
								-1,
								0,
								-0.25,
								0.5625,
								-3.061616997868383e-17,
								1
							]
						},
						{
							"uuid": "3e73827f-27fa-bb3f-4837-8265af6bf3c9",
							"matrix": [
								-0.9985604641683212,
								-0.05363766773403696,
								-1.2228838761988298e-16,
								0,
								-0.05363766773403696,
								0.9985604641683212,
								-6.568719810421763e-18,
								0,
								1.2246467991473532e-16,
								0,
								-1,
								0,
								0.25,
								0.5625,
								3.061616997868383e-17,
								1
							]
						}
					],
					"time": 0.15
				},
				{
					"nodes": [
						{
							"uuid": "df59ee4a-74f7-3dde-3fbf-82cc60204ca5",
							"matrix": [
								-0.9983013860554101,
								0.05826098694535769,
								-1.2225665970171241e-16,
								0,
								0.05826098694535769,
								0.9983013860554101,
								7.134913117779802e-18,
								0,
								1.2246467991473532e-16,
								0,
								-1,
								0,
								-0.25,
								0.5625,
								-3.061616997868383e-17,
								1
							]
						},
						{
							"uuid": "3e73827f-27fa-bb3f-4837-8265af6bf3c9",
							"matrix": [
								-0.9983013860554101,
								-0.05826098694535769,
								-1.2225665970171241e-16,
								0,
								-0.05826098694535769,
								0.9983013860554101,
								-7.134913117779802e-18,
								0,
								1.2246467991473532e-16,
								0,
								-1,
								0,
								0.25,
								0.5625,
								3.061616997868383e-17,
								1
							]
						}
					],
					"time": 0.2
				},
				{
					"nodes": [
						{
							"uuid": "df59ee4a-74f7-3dde-3fbf-82cc60204ca5",
							"matrix": [
								-0.997990605507544,
								0.06336206529687577,
								-1.2221860006139428e-16,
								0,
								0.06336206529687577,
								0.997990605507544,
								7.759615045318449e-18,
								0,
								1.2246467991473532e-16,
								0,
								-1,
								0,
								-0.25,
								0.5625,
								-3.061616997868383e-17,
								1
							]
						},
						{
							"uuid": "3e73827f-27fa-bb3f-4837-8265af6bf3c9",
							"matrix": [
								-0.997990605507544,
								-0.06336206529687577,
								-1.2221860006139428e-16,
								0,
								-0.06336206529687577,
								0.997990605507544,
								-7.759615045318449e-18,
								0,
								1.2246467991473532e-16,
								0,
								-1,
								0,
								0.25,
								0.5625,
								3.061616997868383e-17,
								1
							]
						}
					],
					"time": 0.25
				},
				{
					"nodes": [
						{
							"uuid": "df59ee4a-74f7-3dde-3fbf-82cc60204ca5",
							"matrix": [
								-0.9976275491800659,
								0.06884237878643708,
								-1.2217413848445864e-16,
								0,
								0.06884237878643708,
								0.9976275491800659,
								8.430759882649982e-18,
								0,
								1.2246467991473532e-16,
								0,
								-1,
								0,
								-0.25,
								0.5625,
								-3.061616997868383e-17,
								1
							]
						},
						{
							"uuid": "3e73827f-27fa-bb3f-4837-8265af6bf3c9",
							"matrix": [
								-0.9976275491800659,
								-0.06884237878643708,
								-1.2217413848445864e-16,
								0,
								-0.06884237878643708,
								0.9976275491800659,
								-8.430759882649982e-18,
								0,
								1.2246467991473532e-16,
								0,
								-1,
								0,
								0.25,
								0.5625,
								3.061616997868383e-17,
								1
							]
						}
					],
					"time": 0.3
				},
				{
					"nodes": [
						{
							"uuid": "df59ee4a-74f7-3dde-3fbf-82cc60204ca5",
							"matrix": [
								-0.9972132801497813,
								0.07460344424296918,
								-1.2212340516026624e-16,
								0,
								0.07460344424296918,
								0.9972132801497813,
								9.136286919752024e-18,
								0,
								1.2246467991473532e-16,
								0,
								-1,
								0,
								-0.25,
								0.5625,
								-3.061616997868383e-17,
								1
							]
						},
						{
							"uuid": "3e73827f-27fa-bb3f-4837-8265af6bf3c9",
							"matrix": [
								-0.9972132801497813,
								-0.07460344424296918,
								-1.2212340516026624e-16,
								0,
								-0.07460344424296918,
								0.9972132801497813,
								-9.136286919752024e-18,
								0,
								1.2246467991473532e-16,
								0,
								-1,
								0,
								0.25,
								0.5625,
								3.061616997868383e-17,
								1
							]
						}
					],
					"time": 0.35
				},
				{
					"nodes": [
						{
							"uuid": "df59ee4a-74f7-3dde-3fbf-82cc60204ca5",
							"matrix": [
								-0.9967508230238523,
								0.08054686090266312,
								-1.2206677049636506e-16,
								0,
								0.08054686090266312,
								0.9967508230238523,
								9.864145538581349e-18,
								0,
								1.2246467991473532e-16,
								0,
								-1,
								0,
								-0.25,
								0.5625,
								-3.061616997868383e-17,
								1
							]
						},
						{
							"uuid": "3e73827f-27fa-bb3f-4837-8265af6bf3c9",
							"matrix": [
								-0.9967508230238523,
								-0.08054686090266312,
								-1.2206677049636506e-16,
								0,
								-0.08054686090266312,
								0.9967508230238523,
								-9.864145538581349e-18,
								0,
								1.2246467991473532e-16,
								0,
								-1,
								0,
								0.25,
								0.5625,
								3.061616997868383e-17,
								1
							]
						}
					],
					"time": 0.4
				},
				{
					"nodes": [
						{
							"uuid": "df59ee4a-74f7-3dde-3fbf-82cc60204ca5",
							"matrix": [
								-0.9962453920549982,
								0.08657435422330854,
								-1.2200487305454535e-16,
								0,
								0.08657435422330854,
								0.9962453920549982,
								1.0602300578782395e-17,
								0,
								1.2246467991473532e-16,
								0,
								-1,
								0,
								-0.25,
								0.5625,
								-3.061616997868383e-17,
								1
							]
						},
						{
							"uuid": "3e73827f-27fa-bb3f-4837-8265af6bf3c9",
							"matrix": [
								-0.9962453920549982,
								-0.08657435422330854,
								-1.2200487305454535e-16,
								0,
								-0.08657435422330854,
								0.9962453920549982,
								-1.0602300578782395e-17,
								0,
								1.2246467991473532e-16,
								0,
								-1,
								0,
								0.25,
								0.5625,
								3.061616997868383e-17,
								1
							]
						}
					],
					"time": 0.45
				},
				{
					"nodes": [
						{
							"uuid": "df59ee4a-74f7-3dde-3fbf-82cc60204ca5",
							"matrix": [
								-0.995704522352214,
								0.09258781867691564,
								-1.219386356195183e-16,
								0,
								0.09258781867691564,
								0.995704522352214,
								1.1338737578272026e-17,
								0,
								1.2246467991473532e-16,
								0,
								-1,
								0,
								-0.25,
								0.5625,
								-3.061616997868383e-17,
								1
							]
						},
						{
							"uuid": "3e73827f-27fa-bb3f-4837-8265af6bf3c9",
							"matrix": [
								-0.995704522352214,
								-0.09258781867691564,
								-1.219386356195183e-16,
								0,
								-0.09258781867691564,
								0.995704522352214,
								-1.1338737578272026e-17,
								0,
								1.2246467991473532e-16,
								0,
								-1,
								0,
								0.25,
								0.5625,
								3.061616997868383e-17,
								1
							]
						}
					],
					"time": 0.5
				},
				{
					"nodes": [
						{
							"uuid": "df59ee4a-74f7-3dde-3fbf-82cc60204ca5",
							"matrix": [
								-0.9951381043859812,
								0.09848935576536214,
								-1.2186926942458566e-16,
								0,
								0.09848935576536214,
								0.9951381043859812,
								1.2061467428813566e-17,
								0,
								1.2246467991473532e-16,
								0,
								-1,
								0,
								-0.25,
								0.5625,
								-3.061616997868383e-17,
								1
							]
						},
						{
							"uuid": "3e73827f-27fa-bb3f-4837-8265af6bf3c9",
							"matrix": [
								-0.9951381043859812,
								-0.09848935576536214,
								-1.2186926942458566e-16,
								0,
								-0.09848935576536214,
								0.9951381043859812,
								-1.2061467428813566e-17,
								0,
								1.2246467991473532e-16,
								0,
								-1,
								0,
								0.25,
								0.5625,
								3.061616997868383e-17,
								1
							]
						}
					],
					"time": 0.55
				},
				{
					"nodes": [
						{
							"uuid": "df59ee4a-74f7-3dde-3fbf-82cc60204ca5",
							"matrix": [
								-0.9945583220947156,
								0.10418130327531828,
								-1.2179826657186557e-16,
								0,
								0.10418130327531828,
								0.9945583220947156,
								1.2758529958711821e-17,
								0,
								1.2246467991473532e-16,
								0,
								-1,
								0,
								-0.25,
								0.5625,
								-3.061616997868383e-17,
								1
							]
						},
						{
							"uuid": "3e73827f-27fa-bb3f-4837-8265af6bf3c9",
							"matrix": [
								-0.9945583220947156,
								-0.10418130327531828,
								-1.2179826657186557e-16,
								0,
								-0.10418130327531828,
								0.9945583220947156,
								-1.2758529958711821e-17,
								0,
								1.2246467991473532e-16,
								0,
								-1,
								0,
								0.25,
								0.5625,
								3.061616997868383e-17,
								1
							]
						}
					],
					"time": 0.6
				},
				{
					"nodes": [
						{
							"uuid": "df59ee4a-74f7-3dde-3fbf-82cc60204ca5",
							"matrix": [
								-0.9939794949900842,
								0.10956625182626846,
								-1.2172738069577092e-16,
								0,
								0.10956625182626846,
								0.9939794949900842,
								1.341799595936125e-17,
								0,
								1.2246467991473532e-16,
								0,
								-1,
								0,
								-0.25,
								0.5625,
								-3.061616997868383e-17,
								1
							]
						},
						{
							"uuid": "3e73827f-27fa-bb3f-4837-8265af6bf3c9",
							"matrix": [
								-0.9939794949900842,
								-0.10956625182626846,
								-1.2172738069577092e-16,
								0,
								-0.10956625182626846,
								0.9939794949900842,
								-1.341799595936125e-17,
								0,
								1.2246467991473532e-16,
								0,
								-1,
								0,
								0.25,
								0.5625,
								3.061616997868383e-17,
								1
							]
						}
					],
					"time": 0.65
				},
				{
					"nodes": [
						{
							"uuid": "df59ee4a-74f7-3dde-3fbf-82cc60204ca5",
							"matrix": [
								-0.993417824717406,
								0.11454704506768061,
								-1.2165859592560977e-16,
								0,
								0.11454704506768061,
								0.993417824717406,
								1.4027967209392267e-17,
								0,
								1.2246467991473532e-16,
								0,
								-1,
								0,
								-0.25,
								0.5625,
								-3.061616997868383e-17,
								1
							]
						},
						{
							"uuid": "3e73827f-27fa-bb3f-4837-8265af6bf3c9",
							"matrix": [
								-0.993417824717406,
								-0.11454704506768061,
								-1.2165859592560977e-16,
								0,
								-0.11454704506768061,
								0.993417824717406,
								-1.4027967209392267e-17,
								0,
								1.2246467991473532e-16,
								0,
								-1,
								0,
								0.25,
								0.5625,
								3.061616997868383e-17,
								1
							]
						}
					],
					"time": 0.7
				},
				{
					"nodes": [
						{
							"uuid": "df59ee4a-74f7-3dde-3fbf-82cc60204ca5",
							"matrix": [
								-0.992891046539151,
								0.119026760446505,
								-1.215940842046237e-16,
								0,
								0.119026760446505,
								0.992891046539151,
								1.4576574119369114e-17,
								0,
								1.2246467991473532e-16,
								0,
								-1,
								0,
								-0.25,
								0.5625,
								-3.061616997868383e-17,
								1
							]
						},
						{
							"uuid": "3e73827f-27fa-bb3f-4837-8265af6bf3c9",
							"matrix": [
								-0.992891046539151,
								-0.119026760446505,
								-1.215940842046237e-16,
								0,
								-0.119026760446505,
								0.992891046539151,
								-1.4576574119369114e-17,
								0,
								1.2246467991473532e-16,
								0,
								-1,
								0,
								0.25,
								0.5625,
								3.061616997868383e-17,
								1
							]
						}
					],
					"time": 0.75
				},
				{
					"nodes": [
						{
							"uuid": "df59ee4a-74f7-3dde-3fbf-82cc60204ca5",
							"matrix": [
								-0.9924179861623914,
								0.12290866829228697,
								-1.215361510170035e-16,
								0,
								0.12290866829228697,
								0.9924179861623914,
								1.5051970721161302e-17,
								0,
								1.2246467991473532e-16,
								0,
								-1,
								0,
								-0.25,
								0.5625,
								-3.061616997868383e-17,
								1
							]
						},
						{
							"uuid": "3e73827f-27fa-bb3f-4837-8265af6bf3c9",
							"matrix": [
								-0.9924179861623914,
								-0.12290866829228697,
								-1.215361510170035e-16,
								0,
								-0.12290866829228697,
								0.9924179861623914,
								-1.5051970721161302e-17,
								0,
								1.2246467991473532e-16,
								0,
								-1,
								0,
								0.25,
								0.5625,
								3.061616997868383e-17,
								1
							]
						}
					],
					"time": 0.8
				},
				{
					"nodes": [
						{
							"uuid": "df59ee4a-74f7-3dde-3fbf-82cc60204ca5",
							"matrix": [
								-0.9920180222165679,
								0.12609616805251883,
								-1.2148716956040077e-16,
								0,
								0.12609616805251883,
								0.9920180222165679,
								1.5442326859026394e-17,
								0,
								1.2246467991473532e-16,
								0,
								-1,
								0,
								-0.25,
								0.5625,
								-3.061616997868383e-17,
								1
							]
						},
						{
							"uuid": "3e73827f-27fa-bb3f-4837-8265af6bf3c9",
							"matrix": [
								-0.9920180222165679,
								-0.12609616805251883,
								-1.2148716956040077e-16,
								0,
								-0.12609616805251883,
								0.9920180222165679,
								-1.5442326859026394e-17,
								0,
								1.2246467991473532e-16,
								0,
								-1,
								0,
								0.25,
								0.5625,
								3.061616997868383e-17,
								1
							]
						}
					],
					"time": 0.85
				},
				{
					"nodes": [
						{
							"uuid": "df59ee4a-74f7-3dde-3fbf-82cc60204ca5",
							"matrix": [
								-0.9917104545028227,
								0.1284927018542489,
								-1.2144950337878486e-16,
								0,
								0.1284927018542489,
								0.9917104545028227,
								1.573581760396011e-17,
								0,
								1.2246467991473532e-16,
								0,
								-1,
								0,
								-0.25,
								0.5625,
								-3.061616997868383e-17,
								1
							]
						},
						{
							"uuid": "3e73827f-27fa-bb3f-4837-8265af6bf3c9",
							"matrix": [
								-0.9917104545028227,
								-0.1284927018542489,
								-1.2144950337878486e-16,
								0,
								-0.1284927018542489,
								0.9917104545028227,
								-1.573581760396011e-17,
								0,
								1.2246467991473532e-16,
								0,
								-1,
								0,
								0.25,
								0.5625,
								3.061616997868383e-17,
								1
							]
						}
					],
					"time": 0.9
				},
				{
					"nodes": [
						{
							"uuid": "df59ee4a-74f7-3dde-3fbf-82cc60204ca5",
							"matrix": [
								-0.9915137778837418,
								0.13000164716921775,
								-1.2142541743958242e-16,
								0,
								0.13000164716921775,
								0.9915137778837418,
								1.5920610108966608e-17,
								0,
								1.2246467991473532e-16,
								0,
								-1,
								0,
								-0.25,
								0.5625,
								-3.061616997868383e-17,
								1
							]
						},
						{
							"uuid": "3e73827f-27fa-bb3f-4837-8265af6bf3c9",
							"matrix": [
								-0.9915137778837418,
								-0.13000164716921775,
								-1.2142541743958242e-16,
								0,
								-0.13000164716921775,
								0.9915137778837418,
								-1.5920610108966608e-17,
								0,
								1.2246467991473532e-16,
								0,
								-1,
								0,
								0.25,
								0.5625,
								3.061616997868383e-17,
								1
							]
						}
					],
					"time": 0.95
				},
				{
					"nodes": [
						{
							"uuid": "df59ee4a-74f7-3dde-3fbf-82cc60204ca5",
							"matrix": [
								-0.9914448613738104,
								0.13052619222005157,
								-1.2141697760125282e-16,
								0,
								0.13052619222005157,
								0.9914448613738104,
								1.5984848350717833e-17,
								0,
								1.2246467991473532e-16,
								0,
								-1,
								0,
								-0.25,
								0.5625,
								-3.061616997868383e-17,
								1
							]
						},
						{
							"uuid": "3e73827f-27fa-bb3f-4837-8265af6bf3c9",
							"matrix": [
								-0.9914448613738104,
								-0.13052619222005157,
								-1.2141697760125282e-16,
								0,
								-0.13052619222005157,
								0.9914448613738104,
								-1.5984848350717833e-17,
								0,
								1.2246467991473532e-16,
								0,
								-1,
								0,
								0.25,
								0.5625,
								3.061616997868383e-17,
								1
							]
						}
					],
					"time": 1
				},
				{
					"nodes": [
						{
							"uuid": "df59ee4a-74f7-3dde-3fbf-82cc60204ca5",
							"matrix": [
								-0.9915137778837418,
								0.13000164716921772,
								-1.2142541743958242e-16,
								0,
								0.13000164716921772,
								0.9915137778837418,
								1.5920610108966604e-17,
								0,
								1.2246467991473532e-16,
								0,
								-1,
								0,
								-0.25,
								0.5625,
								-3.061616997868383e-17,
								1
							]
						},
						{
							"uuid": "3e73827f-27fa-bb3f-4837-8265af6bf3c9",
							"matrix": [
								-0.9915137778837418,
								-0.13000164716921772,
								-1.2142541743958242e-16,
								0,
								-0.13000164716921772,
								0.9915137778837418,
								-1.5920610108966604e-17,
								0,
								1.2246467991473532e-16,
								0,
								-1,
								0,
								0.25,
								0.5625,
								3.061616997868383e-17,
								1
							]
						}
					],
					"time": 1.05
				},
				{
					"nodes": [
						{
							"uuid": "df59ee4a-74f7-3dde-3fbf-82cc60204ca5",
							"matrix": [
								-0.9917104545028227,
								0.12849270185424888,
								-1.2144950337878486e-16,
								0,
								0.12849270185424888,
								0.9917104545028227,
								1.5735817603960107e-17,
								0,
								1.2246467991473532e-16,
								0,
								-1,
								0,
								-0.25,
								0.5625,
								-3.061616997868383e-17,
								1
							]
						},
						{
							"uuid": "3e73827f-27fa-bb3f-4837-8265af6bf3c9",
							"matrix": [
								-0.9917104545028227,
								-0.12849270185424888,
								-1.2144950337878486e-16,
								0,
								-0.12849270185424888,
								0.9917104545028227,
								-1.5735817603960107e-17,
								0,
								1.2246467991473532e-16,
								0,
								-1,
								0,
								0.25,
								0.5625,
								3.061616997868383e-17,
								1
							]
						}
					],
					"time": 1.1
				},
				{
					"nodes": [
						{
							"uuid": "df59ee4a-74f7-3dde-3fbf-82cc60204ca5",
							"matrix": [
								-0.9920180222165679,
								0.12609616805251883,
								-1.2148716956040077e-16,
								0,
								0.12609616805251883,
								0.9920180222165679,
								1.5442326859026394e-17,
								0,
								1.2246467991473532e-16,
								0,
								-1,
								0,
								-0.25,
								0.5625,
								-3.061616997868383e-17,
								1
							]
						},
						{
							"uuid": "3e73827f-27fa-bb3f-4837-8265af6bf3c9",
							"matrix": [
								-0.9920180222165679,
								-0.12609616805251883,
								-1.2148716956040077e-16,
								0,
								-0.12609616805251883,
								0.9920180222165679,
								-1.5442326859026394e-17,
								0,
								1.2246467991473532e-16,
								0,
								-1,
								0,
								0.25,
								0.5625,
								3.061616997868383e-17,
								1
							]
						}
					],
					"time": 1.15
				},
				{
					"nodes": [
						{
							"uuid": "df59ee4a-74f7-3dde-3fbf-82cc60204ca5",
							"matrix": [
								-0.9924179861623914,
								0.12290866829228697,
								-1.215361510170035e-16,
								0,
								0.12290866829228697,
								0.9924179861623914,
								1.5051970721161302e-17,
								0,
								1.2246467991473532e-16,
								0,
								-1,
								0,
								-0.25,
								0.5625,
								-3.061616997868383e-17,
								1
							]
						},
						{
							"uuid": "3e73827f-27fa-bb3f-4837-8265af6bf3c9",
							"matrix": [
								-0.9924179861623914,
								-0.12290866829228697,
								-1.215361510170035e-16,
								0,
								-0.12290866829228697,
								0.9924179861623914,
								-1.5051970721161302e-17,
								0,
								1.2246467991473532e-16,
								0,
								-1,
								0,
								0.25,
								0.5625,
								3.061616997868383e-17,
								1
							]
						}
					],
					"time": 1.2
				},
				{
					"nodes": [
						{
							"uuid": "df59ee4a-74f7-3dde-3fbf-82cc60204ca5",
							"matrix": [
								-0.992891046539151,
								0.119026760446505,
								-1.215940842046237e-16,
								0,
								0.119026760446505,
								0.992891046539151,
								1.4576574119369114e-17,
								0,
								1.2246467991473532e-16,
								0,
								-1,
								0,
								-0.25,
								0.5625,
								-3.061616997868383e-17,
								1
							]
						},
						{
							"uuid": "3e73827f-27fa-bb3f-4837-8265af6bf3c9",
							"matrix": [
								-0.992891046539151,
								-0.119026760446505,
								-1.215940842046237e-16,
								0,
								-0.119026760446505,
								0.992891046539151,
								-1.4576574119369114e-17,
								0,
								1.2246467991473532e-16,
								0,
								-1,
								0,
								0.25,
								0.5625,
								3.061616997868383e-17,
								1
							]
						}
					],
					"time": 1.25
				},
				{
					"nodes": [
						{
							"uuid": "df59ee4a-74f7-3dde-3fbf-82cc60204ca5",
							"matrix": [
								-0.993417824717406,
								0.1145470450676806,
								-1.2165859592560977e-16,
								0,
								0.1145470450676806,
								0.993417824717406,
								1.4027967209392267e-17,
								0,
								1.2246467991473532e-16,
								0,
								-1,
								0,
								-0.25,
								0.5625,
								-3.061616997868383e-17,
								1
							]
						},
						{
							"uuid": "3e73827f-27fa-bb3f-4837-8265af6bf3c9",
							"matrix": [
								-0.993417824717406,
								-0.1145470450676806,
								-1.2165859592560977e-16,
								0,
								-0.1145470450676806,
								0.993417824717406,
								-1.4027967209392267e-17,
								0,
								1.2246467991473532e-16,
								0,
								-1,
								0,
								0.25,
								0.5625,
								3.061616997868383e-17,
								1
							]
						}
					],
					"time": 1.3
				},
				{
					"nodes": [
						{
							"uuid": "df59ee4a-74f7-3dde-3fbf-82cc60204ca5",
							"matrix": [
								-0.9939794949900842,
								0.10956625182626842,
								-1.2172738069577092e-16,
								0,
								0.10956625182626842,
								0.9939794949900842,
								1.3417995959361246e-17,
								0,
								1.2246467991473532e-16,
								0,
								-1,
								0,
								-0.25,
								0.5625,
								-3.061616997868383e-17,
								1
							]
						},
						{
							"uuid": "3e73827f-27fa-bb3f-4837-8265af6bf3c9",
							"matrix": [
								-0.9939794949900842,
								-0.10956625182626842,
								-1.2172738069577092e-16,
								0,
								-0.10956625182626842,
								0.9939794949900842,
								-1.3417995959361246e-17,
								0,
								1.2246467991473532e-16,
								0,
								-1,
								0,
								0.25,
								0.5625,
								3.061616997868383e-17,
								1
							]
						}
					],
					"time": 1.35
				},
				{
					"nodes": [
						{
							"uuid": "df59ee4a-74f7-3dde-3fbf-82cc60204ca5",
							"matrix": [
								-0.9945583220947156,
								0.1041813032753183,
								-1.2179826657186557e-16,
								0,
								0.1041813032753183,
								0.9945583220947156,
								1.2758529958711822e-17,
								0,
								1.2246467991473532e-16,
								0,
								-1,
								0,
								-0.25,
								0.5625,
								-3.061616997868383e-17,
								1
							]
						},
						{
							"uuid": "3e73827f-27fa-bb3f-4837-8265af6bf3c9",
							"matrix": [
								-0.9945583220947156,
								-0.1041813032753183,
								-1.2179826657186557e-16,
								0,
								-0.1041813032753183,
								0.9945583220947156,
								-1.2758529958711822e-17,
								0,
								1.2246467991473532e-16,
								0,
								-1,
								0,
								0.25,
								0.5625,
								3.061616997868383e-17,
								1
							]
						}
					],
					"time": 1.4
				},
				{
					"nodes": [
						{
							"uuid": "df59ee4a-74f7-3dde-3fbf-82cc60204ca5",
							"matrix": [
								-0.9951381043859812,
								0.09848935576536214,
								-1.2186926942458566e-16,
								0,
								0.09848935576536214,
								0.9951381043859812,
								1.2061467428813566e-17,
								0,
								1.2246467991473532e-16,
								0,
								-1,
								0,
								-0.25,
								0.5625,
								-3.061616997868383e-17,
								1
							]
						},
						{
							"uuid": "3e73827f-27fa-bb3f-4837-8265af6bf3c9",
							"matrix": [
								-0.9951381043859812,
								-0.09848935576536214,
								-1.2186926942458566e-16,
								0,
								-0.09848935576536214,
								0.9951381043859812,
								-1.2061467428813566e-17,
								0,
								1.2246467991473532e-16,
								0,
								-1,
								0,
								0.25,
								0.5625,
								3.061616997868383e-17,
								1
							]
						}
					],
					"time": 1.45
				},
				{
					"nodes": [
						{
							"uuid": "df59ee4a-74f7-3dde-3fbf-82cc60204ca5",
							"matrix": [
								-0.995704522352214,
								0.09258781867691564,
								-1.219386356195183e-16,
								0,
								0.09258781867691564,
								0.995704522352214,
								1.1338737578272026e-17,
								0,
								1.2246467991473532e-16,
								0,
								-1,
								0,
								-0.25,
								0.5625,
								-3.061616997868383e-17,
								1
							]
						},
						{
							"uuid": "3e73827f-27fa-bb3f-4837-8265af6bf3c9",
							"matrix": [
								-0.995704522352214,
								-0.09258781867691564,
								-1.219386356195183e-16,
								0,
								-0.09258781867691564,
								0.995704522352214,
								-1.1338737578272026e-17,
								0,
								1.2246467991473532e-16,
								0,
								-1,
								0,
								0.25,
								0.5625,
								3.061616997868383e-17,
								1
							]
						}
					],
					"time": 1.5
				},
				{
					"nodes": [
						{
							"uuid": "df59ee4a-74f7-3dde-3fbf-82cc60204ca5",
							"matrix": [
								-0.9962453920549982,
								0.08657435422330854,
								-1.2200487305454535e-16,
								0,
								0.08657435422330854,
								0.9962453920549982,
								1.0602300578782395e-17,
								0,
								1.2246467991473532e-16,
								0,
								-1,
								0,
								-0.25,
								0.5625,
								-3.061616997868383e-17,
								1
							]
						},
						{
							"uuid": "3e73827f-27fa-bb3f-4837-8265af6bf3c9",
							"matrix": [
								-0.9962453920549982,
								-0.08657435422330854,
								-1.2200487305454535e-16,
								0,
								-0.08657435422330854,
								0.9962453920549982,
								-1.0602300578782395e-17,
								0,
								1.2246467991473532e-16,
								0,
								-1,
								0,
								0.25,
								0.5625,
								3.061616997868383e-17,
								1
							]
						}
					],
					"time": 1.55
				},
				{
					"nodes": [
						{
							"uuid": "df59ee4a-74f7-3dde-3fbf-82cc60204ca5",
							"matrix": [
								-0.9967508230238523,
								0.08054686090266311,
								-1.2206677049636506e-16,
								0,
								0.08054686090266311,
								0.9967508230238523,
								9.864145538581347e-18,
								0,
								1.2246467991473532e-16,
								0,
								-1,
								0,
								-0.25,
								0.5625,
								-3.061616997868383e-17,
								1
							]
						},
						{
							"uuid": "3e73827f-27fa-bb3f-4837-8265af6bf3c9",
							"matrix": [
								-0.9967508230238523,
								-0.08054686090266311,
								-1.2206677049636506e-16,
								0,
								-0.08054686090266311,
								0.9967508230238523,
								-9.864145538581347e-18,
								0,
								1.2246467991473532e-16,
								0,
								-1,
								0,
								0.25,
								0.5625,
								3.061616997868383e-17,
								1
							]
						}
					],
					"time": 1.6
				},
				{
					"nodes": [
						{
							"uuid": "df59ee4a-74f7-3dde-3fbf-82cc60204ca5",
							"matrix": [
								-0.9972132801497813,
								0.07460344424296919,
								-1.2212340516026624e-16,
								0,
								0.07460344424296919,
								0.9972132801497813,
								9.136286919752026e-18,
								0,
								1.2246467991473532e-16,
								0,
								-1,
								0,
								-0.25,
								0.5625,
								-3.061616997868383e-17,
								1
							]
						},
						{
							"uuid": "3e73827f-27fa-bb3f-4837-8265af6bf3c9",
							"matrix": [
								-0.9972132801497813,
								-0.07460344424296919,
								-1.2212340516026624e-16,
								0,
								-0.07460344424296919,
								0.9972132801497813,
								-9.136286919752026e-18,
								0,
								1.2246467991473532e-16,
								0,
								-1,
								0,
								0.25,
								0.5625,
								3.061616997868383e-17,
								1
							]
						}
					],
					"time": 1.65
				},
				{
					"nodes": [
						{
							"uuid": "df59ee4a-74f7-3dde-3fbf-82cc60204ca5",
							"matrix": [
								-0.9976275491800659,
								0.06884237878643709,
								-1.2217413848445864e-16,
								0,
								0.06884237878643709,
								0.9976275491800659,
								8.430759882649983e-18,
								0,
								1.2246467991473532e-16,
								0,
								-1,
								0,
								-0.25,
								0.5625,
								-3.061616997868383e-17,
								1
							]
						},
						{
							"uuid": "3e73827f-27fa-bb3f-4837-8265af6bf3c9",
							"matrix": [
								-0.9976275491800659,
								-0.06884237878643709,
								-1.2217413848445864e-16,
								0,
								-0.06884237878643709,
								0.9976275491800659,
								-8.430759882649983e-18,
								0,
								1.2246467991473532e-16,
								0,
								-1,
								0,
								0.25,
								0.5625,
								3.061616997868383e-17,
								1
							]
						}
					],
					"time": 1.7
				},
				{
					"nodes": [
						{
							"uuid": "df59ee4a-74f7-3dde-3fbf-82cc60204ca5",
							"matrix": [
								-0.997990605507544,
								0.06336206529687577,
								-1.2221860006139428e-16,
								0,
								0.06336206529687577,
								0.997990605507544,
								7.759615045318449e-18,
								0,
								1.2246467991473532e-16,
								0,
								-1,
								0,
								-0.25,
								0.5625,
								-3.061616997868383e-17,
								1
							]
						},
						{
							"uuid": "3e73827f-27fa-bb3f-4837-8265af6bf3c9",
							"matrix": [
								-0.997990605507544,
								-0.06336206529687577,
								-1.2221860006139428e-16,
								0,
								-0.06336206529687577,
								0.997990605507544,
								-7.759615045318449e-18,
								0,
								1.2246467991473532e-16,
								0,
								-1,
								0,
								0.25,
								0.5625,
								3.061616997868383e-17,
								1
							]
						}
					],
					"time": 1.75
				},
				{
					"nodes": [
						{
							"uuid": "df59ee4a-74f7-3dde-3fbf-82cc60204ca5",
							"matrix": [
								-0.9983013860554101,
								0.058260986945357675,
								-1.2225665970171241e-16,
								0,
								0.058260986945357675,
								0.9983013860554101,
								7.1349131177798e-18,
								0,
								1.2246467991473532e-16,
								0,
								-1,
								0,
								-0.25,
								0.5625,
								-3.061616997868383e-17,
								1
							]
						},
						{
							"uuid": "3e73827f-27fa-bb3f-4837-8265af6bf3c9",
							"matrix": [
								-0.9983013860554101,
								-0.058260986945357675,
								-1.2225665970171241e-16,
								0,
								-0.058260986945357675,
								0.9983013860554101,
								-7.1349131177798e-18,
								0,
								1.2246467991473532e-16,
								0,
								-1,
								0,
								0.25,
								0.5625,
								3.061616997868383e-17,
								1
							]
						}
					],
					"time": 1.8
				},
				{
					"nodes": [
						{
							"uuid": "df59ee4a-74f7-3dde-3fbf-82cc60204ca5",
							"matrix": [
								-0.9985604641683212,
								0.053637667734036956,
								-1.2228838761988298e-16,
								0,
								0.053637667734036956,
								0.9985604641683212,
								6.568719810421762e-18,
								0,
								1.2246467991473532e-16,
								0,
								-1,
								0,
								-0.25,
								0.5625,
								-3.061616997868383e-17,
								1
							]
						},
						{
							"uuid": "3e73827f-27fa-bb3f-4837-8265af6bf3c9",
							"matrix": [
								-0.9985604641683212,
								-0.053637667734036956,
								-1.2228838761988298e-16,
								0,
								-0.053637667734036956,
								0.9985604641683212,
								-6.568719810421762e-18,
								0,
								1.2246467991473532e-16,
								0,
								-1,
								0,
								0.25,
								0.5625,
								3.061616997868383e-17,
								1
							]
						}
					],
					"time": 1.85
				},
				{
					"nodes": [
						{
							"uuid": "df59ee4a-74f7-3dde-3fbf-82cc60204ca5",
							"matrix": [
								-0.9987696275194275,
								0.049590635655373805,
								-1.2231400274272612e-16,
								0,
								0.049590635655373805,
								0.9987696275194275,
								6.0731013223036135e-18,
								0,
								1.2246467991473532e-16,
								0,
								-1,
								0,
								-0.25,
								0.5625,
								-3.061616997868383e-17,
