{
	"project_settings": {
		"project_namespace": "sculkling",
		"project_resolution": [
			16,
			16
		],
		"target_minecraft_version": "1.20+",
		"rig_item": "minecraft:cyan_dye",
		"rig_item_model": "",
		"rig_export_folder": "",
		"texture_export_folder": "",
		"enable_advanced_resource_pack_settings": false,
		"verbose": true,
		"exporter": "animated_java:json_exporter"
	},
	"rig": {
		"default_pose": [
			{
				"uuid": "20ad2b87-c8f6-a7a7-4312-ba4c853f7eb8",
				"matrix": [
					-1,
					0,
					-1.2246467991473532e-16,
					0,
					0,
					1,
					0,
					0,
					1.2246467991473532e-16,
					0,
					-1,
					0,
					0,
					0.1875,
					0,
					1
				]
			},
			{
				"uuid": "4940dc0e-4514-315a-d4e9-525a56f2233b",
				"matrix": [
					-1,
					0,
					-1.2246467991473532e-16,
					0,
					0,
					1,
					0,
					0,
					1.2246467991473532e-16,
					0,
					-1,
					0,
					0.0625,
					0.1875,
					7.654042494670958e-18,
					1
				]
			},
			{
				"uuid": "45e62124-b069-620d-68fb-2b91ded6c511",
				"matrix": [
					-1,
					0,
					-1.2246467991473532e-16,
					0,
					0,
					1,
					0,
					0,
					1.2246467991473532e-16,
					0,
					-1,
					0,
					-0.0625,
					0.1875,
					-7.654042494670958e-18,
					1
				]
			}
		],
		"node_map": {
			"20ad2b87-c8f6-a7a7-4312-ba4c853f7eb8": {
				"type": "bone",
				"name": "head",
				"uuid": "20ad2b87-c8f6-a7a7-4312-ba4c853f7eb8",
				"nbt": "{}",
				"custom_model_data": 2,
				"resource_location": "animated_java:item/sculkling/head"
			},
			"4940dc0e-4514-315a-d4e9-525a56f2233b": {
				"type": "bone",
				"name": "leg_l",
				"uuid": "4940dc0e-4514-315a-d4e9-525a56f2233b",
				"nbt": "{}",
				"custom_model_data": 3,
				"resource_location": "animated_java:item/sculkling/leg_l"
			},
			"45e62124-b069-620d-68fb-2b91ded6c511": {
				"type": "bone",
				"name": "leg_r",
				"uuid": "45e62124-b069-620d-68fb-2b91ded6c511",
				"nbt": "{}",
				"custom_model_data": 4,
				"resource_location": "animated_java:item/sculkling/leg_r"
			}
		}
	},
	"variants": {
		"df8cd717-68e2-66c3-5fe6-7a0208855029": {
			"name": "hurt",
			"uuid": "df8cd717-68e2-66c3-5fe6-7a0208855029",
			"models": {
				"20ad2b87-c8f6-a7a7-4312-ba4c853f7eb8": {
					"custom_model_data": 5,
					"resource_location": "animated_java:item/sculkling/hurt/head"
				},
				"4940dc0e-4514-315a-d4e9-525a56f2233b": {
					"custom_model_data": 6,
					"resource_location": "animated_java:item/sculkling/hurt/leg_l"
				},
				"45e62124-b069-620d-68fb-2b91ded6c511": {
					"custom_model_data": 7,
					"resource_location": "animated_java:item/sculkling/hurt/leg_r"
				}
			},
			"affected_bones": [],
			"affected_bones_is_a_whitelist": false
		}
	},
	"animations": {
		"idle": {
			"start_delay": 0,
			"loop_delay": 0,
			"frames": [
				{
					"nodes": [
						{
							"uuid": "20ad2b87-c8f6-a7a7-4312-ba4c853f7eb8",
							"matrix": [
								-0.9961946980917455,
								0.08715574274765818,
								-1.2199866483456202e-16,
								0,
								0.08715574274765818,
								0.9961946980917455,
								1.0673500138322974e-17,
								0,
								1.2246467991473532e-16,
								0,
								-1,
								0,
								0,
								0.1875,
								0,
								1
							]
						},
						{
							"uuid": "4940dc0e-4514-315a-d4e9-525a56f2233b",
							"matrix": [
								-1,
								0,
								-1.2246467991473532e-16,
								0,
								0,
								1,
								0,
								0,
								1.2246467991473532e-16,
								0,
								-1,
								0,
								0.0625,
								0.1875,
								7.654042494670958e-18,
								1
							]
						},
						{
							"uuid": "45e62124-b069-620d-68fb-2b91ded6c511",
							"matrix": [
								-1,
								0,
								-1.2246467991473532e-16,
								0,
								0,
								1,
								0,
								0,
								1.2246467991473532e-16,
								0,
								-1,
								0,
								-0.0625,
								0.1875,
								-7.654042494670958e-18,
								1
							]
						}
					],
					"time": 0
				},
				{
					"nodes": [
						{
							"uuid": "20ad2b87-c8f6-a7a7-4312-ba4c853f7eb8",
							"matrix": [
								-0.9964006412825124,
								0.08476887431007916,
								-1.2202388560149988e-16,
								0,
								0.08476887431007916,
								0.9964006412825124,
								1.0381193059116275e-17,
								0,
								1.2246467991473532e-16,
								0,
								-1,
								0,
								0,
								0.1875,
								0,
								1
							]
						}
					],
					"time": 0.05
				},
				{
					"nodes": [
						{
							"uuid": "20ad2b87-c8f6-a7a7-4312-ba4c853f7eb8",
							"matrix": [
								-0.9966347048529528,
								0.08197112346837612,
								-1.2205255012173358e-16,
								0,
								0.08197112346837612,
								0.9966347048529528,
								1.003856739780593e-17,
								0,
								1.2246467991473532e-16,
								0,
								-1,
								0,
								0,
								0.1875,
								0,
								1
							]
						}
					],
					"time": 0.1
				},
				{
					"nodes": [
						{
							"uuid": "20ad2b87-c8f6-a7a7-4312-ba4c853f7eb8",
							"matrix": [
								-0.996891497245826,
								0.07878669125540923,
								-1.2208399811993135e-16,
								0,
								0.07878669125540923,
								0.996891497245826,
								9.648586926134767e-18,
								0,
								1.2246467991473532e-16,
								0,
								-1,
								0,
								0,
								0.1875,
								0,
								1
							]
						}
					],
					"time": 0.15
				},
				{
					"nodes": [
						{
							"uuid": "20ad2b87-c8f6-a7a7-4312-ba4c853f7eb8",
							"matrix": [
								-0.9971654699675633,
								0.07523978671134438,
								-1.2211755010160425e-16,
								0,
								0.07523978671134438,
								0.9971654699675633,
								9.214216396457745e-18,
								0,
								1.2246467991473532e-16,
								0,
								-1,
								0,
								0,
								0.1875,
								0,
								1
							]
						}
					],
					"time": 0.2
				},
				{
					"nodes": [
						{
							"uuid": "20ad2b87-c8f6-a7a7-4312-ba4c853f7eb8",
							"matrix": [
								-0.9974510091073192,
								0.0713546384672401,
								-1.2215251856095758e-16,
								0,
								0.0713546384672401,
								0.9974510091073192,
								8.73842296032222e-18,
								0,
								1.2246467991473532e-16,
								0,
								-1,
								0,
								0,
								0.1875,
								0,
								1
							]
						}
					],
					"time": 0.25
				},
				{
					"nodes": [
						{
							"uuid": "20ad2b87-c8f6-a7a7-4312-ba4c853f7eb8",
							"matrix": [
								-0.9977425209827159,
								0.06715550478594325,
								-1.221882184694694e-16,
								0,
								0.06715550478594325,
								0.9977425209827159,
								8.224177398123015e-18,
								0,
								1.2246467991473532e-16,
								0,
								-1,
								0,
								0,
								0.1875,
								0,
								1
							]
						}
					],
					"time": 0.3
				},
				{
					"nodes": [
						{
							"uuid": "20ad2b87-c8f6-a7a7-4312-ba4c853f7eb8",
							"matrix": [
								-0.9980345119186096,
								0.06266668189223612,
								-1.2222397704597161e-16,
								0,
								0.06266668189223612,
								0.9980345119186096,
								7.674455139251236e-18,
								0,
								1.2246467991473532e-16,
								0,
								-1,
								0,
								0,
								0.1875,
								0,
								1
							]
						}
					],
					"time": 0.35
				},
				{
					"nodes": [
						{
							"uuid": "20ad2b87-c8f6-a7a7-4312-ba4c853f7eb8",
							"matrix": [
								-0.9983216621559523,
								0.05791251048069437,
								-1.2225914280787522e-16,
								0,
								0.05791251048069437,
								0.9983216621559523,
								7.092237059076991e-18,
								0,
								1.2246467991473532e-16,
								0,
								-1,
								0,
								0,
								0.1875,
								0,
								1
							]
						}
					],
					"time": 0.4
				},
				{
					"nodes": [
						{
							"uuid": "20ad2b87-c8f6-a7a7-4312-ba4c853f7eb8",
							"matrix": [
								-0.9985988938796772,
								0.052917380342239057,
								-1.2229309390218342e-16,
								0,
								0.052917380342239057,
								0.9985988938796772,
								6.480510045538613e-18,
								0,
								1.2246467991473532e-16,
								0,
								-1,
								0,
								0,
								0.1875,
								0,
								1
							]
						}
					],
					"time": 0.45
				},
				{
					"nodes": [
						{
							"uuid": "20ad2b87-c8f6-a7a7-4312-ba4c853f7eb8",
							"matrix": [
								-0.998861433347737,
								0.04770573309890967,
								-1.2232524571410435e-16,
								0,
								0.04770573309890967,
								0.998861433347737,
								5.8422673340557675e-18,
								0,
								1.2246467991473532e-16,
								0,
								-1,
								0,
								0,
								0.1875,
								0,
								1
							]
						}
					],
					"time": 0.5
				},
				{
					"nodes": [
						{
							"uuid": "20ad2b87-c8f6-a7a7-4312-ba4c853f7eb8",
							"matrix": [
								-0.9991048670980919,
								0.04230206308094386,
								-1.22355057750422e-16,
								0,
								0.04230206308094386,
								0.9991048670980919,
								5.180508614940732e-18,
								0,
								1.2246467991473532e-16,
								0,
								-1,
								0,
								0,
								0.1875,
								0,
								1
							]
						}
					],
					"time": 0.55
				},
				{
					"nodes": [
						{
							"uuid": "20ad2b87-c8f6-a7a7-4312-ba4c853f7eb8",
							"matrix": [
								-0.9993251922066645,
								0.03673091642081722,
								-1.2238203979432052e-16,
								0,
								0.03673091642081722,
								0.9993251922066645,
								4.498239922450276e-18,
								0,
								1.2246467991473532e-16,
								0,
								-1,
								0,
								0,
								0.1875,
								0,
								1
							]
						}
					],
					"time": 0.6
				},
				{
					"nodes": [
						{
							"uuid": "20ad2b87-c8f6-a7a7-4312-ba4c853f7eb8",
							"matrix": [
								-0.999518860567074,
								0.031016888475444978,
								-1.2240575732808769e-16,
								0,
								0.031016888475444978,
								0.999518860567074,
								3.798473319096412e-18,
								0,
								1.2246467991473532e-16,
								0,
								-1,
								0,
								0,
								0.1875,
								0,
								1
							]
						}
					],
					"time": 0.65
				},
				{
					"nodes": [
						{
							"uuid": "20ad2b87-c8f6-a7a7-4312-ba4c853f7eb8",
							"matrix": [
								-0.9996828171622968,
								0.025184619720254466,
								-1.2242583622004154e-16,
								0,
								0.025184619720254466,
								0.9996828171622968,
								3.084226392815294e-18,
								0,
								1.2246467991473532e-16,
								0,
								-1,
								0,
								0,
								0.1875,
								0,
								1
							]
						}
					],
					"time": 0.7
				},
				{
					"nodes": [
						{
							"uuid": "20ad2b87-c8f6-a7a7-4312-ba4c853f7eb8",
							"matrix": [
								-0.9998145322992016,
								0.019258790287265244,
								-1.2244196667212252e-16,
								0,
								0.019258790287265244,
								0.9998145322992016,
								2.3585215880749516e-18,
								0,
								1.2246467991473532e-16,
								0,
								-1,
								0,
								0,
								0.1875,
								0,
								1
							]
						}
					],
					"time": 0.75
				},
				{
					"nodes": [
						{
							"uuid": "20ad2b87-c8f6-a7a7-4312-ba4c853f7eb8",
							"matrix": [
								-0.9999120277790478,
								0.01326411334363279,
								-1.2245390642485502e-16,
								0,
								0.01326411334363279,
								0.9999120277790478,
								1.6243853949807594e-18,
								0,
								1.2246467991473532e-16,
								0,
								-1,
								0,
								0,
								0.1875,
								0,
								1
							]
						}
					],
					"time": 0.8
				},
				{
					"nodes": [
						{
							"uuid": "20ad2b87-c8f6-a7a7-4312-ba4c853f7eb8",
							"matrix": [
								-0.999973896980378,
								0.007225327527282405,
								-1.224614832167925e-16,
								0,
								0.007225327527282405,
								0.999973896980378,
								8.848474229077657e-19,
								0,
								1.2246467991473532e-16,
								0,
								-1,
								0,
								0,
								0.1875,
								0,
								1
							]
						}
					],
					"time": 0.85
				},
				{
					"nodes": [
						{
							"uuid": "20ad2b87-c8f6-a7a7-4312-ba4c853f7eb8",
							"matrix": [
								-0.9999993188350697,
								0.0011671886722551311,
								-1.2246459649609015e-16,
								0,
								0.0011671886722551311,
								0.9999993188350697,
								1.4293938714782955e-19,
								0,
								1.2246467991473532e-16,
								0,
								-1,
								0,
								0,
								0.1875,
								0,
								1
							]
						}
					],
					"time": 0.9
				},
				{
					"nodes": [
						{
							"uuid": "20ad2b87-c8f6-a7a7-4312-ba4c853f7eb8",
							"matrix": [
								-0.9999880656834589,
								-0.004885538931823866,
								-1.2246321838248012e-16,
								0,
								-0.004885538931823866,
								0.9999880656834589,
								-5.983059614967877e-19,
								0,
								1.2246467991473532e-16,
								0,
								-1,
								0,
								0,
								0.1875,
								0,
								1
							]
						}
					],
					"time": 0.95
				},
				{
					"nodes": [
						{
							"uuid": "20ad2b87-c8f6-a7a7-4312-ba4c853f7eb8",
							"matrix": [
								-0.9999405050001497,
								-0.010908091494182372,
								-1.2245739387862214e-16,
								0,
								-0.010908091494182372,
								0.9999405050001497,
								-1.335855933315691e-18,
								0,
								1.2246467991473532e-16,
								0,
								-1,
								0,
								0,
								0.1875,
								0,
								1
							]
						}
					],
					"time": 1
				},
				{
					"nodes": [
						{
							"uuid": "20ad2b87-c8f6-a7a7-4312-ba4c853f7eb8",
							"matrix": [
								-0.9998575949881693,
								-0.016875714635951274,
								-1.2244724033054322e-16,
								0,
								-0.016875714635951274,
								0.9998575949881693,
								-2.066678991224187e-18,
								0,
								1.2246467991473532e-16,
								0,
								-1,
								0,
								0,
								0.1875,
								0,
								1
							]
						}
					],
					"time": 1.05
				},
				{
					"nodes": [
						{
							"uuid": "20ad2b87-c8f6-a7a7-4312-ba4c853f7eb8",
							"matrix": [
								-0.999740874045238,
								-0.02276367200746474,
								-1.2243294613762779e-16,
								0,
								-0.02276367200746474,
								0.999740874045238,
								-2.78774580607819e-18,
								0,
								1.2246467991473532e-16,
								0,
								-1,
								0,
								0,
								0.1875,
								0,
								1
							]
						}
					],
					"time": 1.1
				},
				{
					"nodes": [
						{
							"uuid": "20ad2b87-c8f6-a7a7-4312-ba4c853f7eb8",
							"matrix": [
								-0.9995924441118812,
								-0.028547253360623887,
								-1.2241476871334948e-16,
								0,
								-0.028547253360623887,
								0.9995924441118812,
								-3.4960302452536566e-18,
								0,
								1.2246467991473532e-16,
								0,
								-1,
								0,
								0,
								0.1875,
								0,
								1
							]
						}
					],
					"time": 1.15
				},
				{
					"nodes": [
						{
							"uuid": "20ad2b87-c8f6-a7a7-4312-ba4c853f7eb8",
							"matrix": [
								-0.9994149479166323,
								-0.03420178183655271,
								-1.2239303169861225e-16,
								0,
								-0.03420178183655271,
								0.9994149479166323,
								-4.188510265127036e-18,
								0,
								1.2246467991473532e-16,
								0,
								-1,
								0,
								0,
								0.1875,
								0,
								1
							]
						}
					],
					"time": 1.2
				},
				{
					"nodes": [
						{
							"uuid": "20ad2b87-c8f6-a7a7-4312-ba4c853f7eb8",
							"matrix": [
								-0.9992115401384668,
								-0.03970262024241137,
								-1.2236812143016705e-16,
								0,
								-0.03970262024241137,
								0.9992115401384668,
								-4.8621686797632e-18,
								0,
								1.2246467991473532e-16,
								0,
								-1,
								0,
								0,
								0.1875,
								0,
								1
							]
						}
					],
					"time": 1.25
				},
				{
					"nodes": [
						{
							"uuid": "20ad2b87-c8f6-a7a7-4312-ba4c853f7eb8",
							"matrix": [
								-0.9989858525106087,
								-0.04502517610906713,
								-1.223404826670607e-16,
								0,
								-0.04502517610906713,
								0.9989858525106087,
								-5.513993780301494e-18,
								0,
								1.2246467991473532e-16,
								0,
								-1,
								0,
								0,
								0.1875,
								0,
								1
							]
						}
					],
					"time": 1.3
				},
				{
					"nodes": [
						{
							"uuid": "20ad2b87-c8f6-a7a7-4312-ba4c853f7eb8",
							"matrix": [
								-0.9987419528927924,
								-0.05014490534332721,
								-1.223106135784335e-16,
								0,
								-0.05014490534332721,
								0.9987419528927924,
								-6.140979782225268e-18,
								0,
								1.2246467991473532e-16,
								0,
								-1,
								0,
								0,
								0.1875,
								0,
								1
							]
						}
					],
					"time": 1.35
				},
				{
					"nodes": [
						{
							"uuid": "20ad2b87-c8f6-a7a7-4312-ba4c853f7eb8",
							"matrix": [
								-0.9984842983407591,
								-0.05503731431457928,
								-1.2227905999619016e-16,
								0,
								-0.05503731431457928,
								0.9984842983407591,
								-6.7401270809016324e-18,
								0,
								1.2246467991473532e-16,
								0,
								-1,
								0,
								0,
								0.1875,
								0,
								1
							]
						}
					],
					"time": 1.4
				},
				{
					"nodes": [
						{
							"uuid": "20ad2b87-c8f6-a7a7-4312-ba4c853f7eb8",
							"matrix": [
								-0.9982176822020763,
								-0.05967796024592845,
								-1.2224640893610626e-16,
								0,
								-0.05967796024592845,
								0.9982176822020763,
								-7.308442299481927e-18,
								0,
								1.2246467991473532e-16,
								0,
								-1,
								0,
								0,
								0.1875,
								0,
								1
							]
						}
					],
					"time": 1.45
				},
				{
					"nodes": [
						{
							"uuid": "20ad2b87-c8f6-a7a7-4312-ba4c853f7eb8",
							"matrix": [
								-0.9979471752662018,
								-0.06404244981423475,
								-1.2221328139078968e-16,
								0,
								-0.06404244981423475,
								0.9979471752662018,
								-7.842938117455759e-18,
								0,
								1.2246467991473532e-16,
								0,
								-1,
								0,
								0,
								0.1875,
								0,
								1
							]
						}
					],
					"time": 1.5
				},
				{
					"nodes": [
						{
							"uuid": "20ad2b87-c8f6-a7a7-4312-ba4c853f7eb8",
							"matrix": [
								-0.9976780609940029,
								-0.06810643590180457,
								-1.2218032439758436e-16,
								0,
								-0.06810643590180457,
								0.9976780609940029,
								-8.340632872847935e-18,
								0,
								1.2246467991473532e-16,
								0,
								-1,
								0,
								0,
								0.1875,
								0,
								1
							]
						}
					],
					"time": 1.55
				},
				{
					"nodes": [
						{
							"uuid": "20ad2b87-c8f6-a7a7-4312-ba4c853f7eb8",
							"matrix": [
								-0.9974157648476766,
								-0.07184561248485825,
								-1.2214820238398164e-16,
								0,
								-0.07184561248485825,
								0.9974157648476766,
								-8.798549936236278e-18,
								0,
								1.2246467991473532e-16,
								0,
								-1,
								0,
								0,
								0.1875,
								0,
								1
							]
						}
					],
					"time": 1.6
				},
				{
					"nodes": [
						{
							"uuid": "20ad2b87-c8f6-a7a7-4312-ba4c853f7eb8",
							"matrix": [
								-0.9971657777362533,
								-0.07523570769025284,
								-1.2211758779239836e-16,
								0,
								-0.07523570769025284,
								0.9971657777362533,
								-9.213716860445404e-18,
								0,
								1.2246467991473532e-16,
								0,
								-1,
								0,
								0,
								0.1875,
								0,
								1
							]
						}
					],
					"time": 1.65
				},
				{
					"nodes": [
						{
							"uuid": "20ad2b87-c8f6-a7a7-4312-ba4c853f7eb8",
							"matrix": [
								-0.9969335735847025,
								-0.07825247510229127,
								-1.2208915098530382e-16,
								0,
								-0.07825247510229127,
								0.9969335735847025,
								-9.583164315937896e-18,
								0,
								1.2246467991473532e-16,
								0,
								-1,
								0,
								0,
								0.1875,
								0,
								1
							]
						}
					],
					"time": 1.7
				},
				{
					"nodes": [
						{
							"uuid": "20ad2b87-c8f6-a7a7-4312-ba4c853f7eb8",
							"matrix": [
								-0.99672452102626,
								-0.08087168345578505,
								-1.220635494306488e-16,
								0,
								-0.08087168345578505,
								0.99672452102626,
								-9.903924828578512e-18,
								0,
								1.2246467991473532e-16,
								0,
								-1,
								0,
								0,
								0.1875,
								0,
								1
							]
						}
					],
					"time": 1.75
				},
				{
					"nodes": [
						{
							"uuid": "20ad2b87-c8f6-a7a7-4312-ba4c853f7eb8",
							"matrix": [
								-0.9965437892082165,
								-0.0830691049098872,
								-1.220414161664017e-16,
								0,
								-0.0830691049098872,
								0.9965437892082165,
								-1.0173031343592903e-17,
								0,
								1.2246467991473532e-16,
								0,
								-1,
								0,
								0,
								0.1875,
								0,
								1
							]
						}
					],
					"time": 1.8
				},
				{
					"nodes": [
						{
							"uuid": "20ad2b87-c8f6-a7a7-4312-ba4c853f7eb8",
							"matrix": [
								-0.9963962476913458,
								-0.08482050215959741,
								-1.22023347541764e-16,
								0,
								-0.08482050215959741,
								0.9963962476913458,
								-1.0387515647182212e-17,
								0,
								1.2246467991473532e-16,
								0,
								-1,
								0,
								0,
								0.1875,
								0,
								1
							]
						}
					],
					"time": 1.85
				},
				{
					"nodes": [
						{
							"uuid": "20ad2b87-c8f6-a7a7-4312-ba4c853f7eb8",
							"matrix": [
								-0.9962863604128189,
								-0.08610161470831251,
								-1.220098902313725e-16,
								0,
								-0.08610161470831251,
								0.9962863604128189,
								-1.0544406685395358e-17,
								0,
								1.2246467991473532e-16,
								0,
								-1,
								0,
								0,
								0.1875,
								0,
								1
							]
						}
					],
					"time": 1.9
				},
				{
					"nodes": [
						{
							"uuid": "20ad2b87-c8f6-a7a7-4312-ba4c853f7eb8",
							"matrix": [
								-0.996218073672321,
								-0.0868881446954071,
								-1.22001527517555e-16,
								0,
								-0.0868881446954071,
								0.996218073672321,
								-1.0640728828508237e-17,
								0,
								1.2246467991473532e-16,
								0,
								-1,
								0,
								0,
								0.1875,
								0,
								1
							]
						}
					],
					"time": 1.95
				},
				{
					"nodes": [
						{
							"uuid": "20ad2b87-c8f6-a7a7-4312-ba4c853f7eb8",
							"matrix": [
								-0.9961946980917455,
								-0.08715574274765818,
								-1.2199866483456202e-16,
								0,
								-0.08715574274765818,
								0.9961946980917455,
								-1.0673500138322974e-17,
								0,
								1.2246467991473532e-16,
								0,
								-1,
								0,
								0,
								0.1875,
								0,
								1
							]
						}
					],
					"time": 2
				},
				{
					"nodes": [
						{
							"uuid": "20ad2b87-c8f6-a7a7-4312-ba4c853f7eb8",
							"matrix": [
								-0.996218073672321,
								-0.0868881446954071,
								-1.22001527517555e-16,
								0,
								-0.0868881446954071,
								0.996218073672321,
								-1.0640728828508237e-17,
								0,
								1.2246467991473532e-16,
								0,
								-1,
								0,
								0,
								0.1875,
								0,
								1
							]
						}
					],
					"time": 2.05
				},
				{
					"nodes": [
						{
							"uuid": "20ad2b87-c8f6-a7a7-4312-ba4c853f7eb8",
							"matrix": [
								-0.9962863604128189,
								-0.08610161470831248,
								-1.220098902313725e-16,
								0,
								-0.08610161470831248,
								0.9962863604128189,
								-1.0544406685395355e-17,
								0,
								1.2246467991473532e-16,
								0,
								-1,
								0,
								0,
								0.1875,
								0,
								1
							]
						}
					],
					"time": 2.1
				},
				{
					"nodes": [
						{
							"uuid": "20ad2b87-c8f6-a7a7-4312-ba4c853f7eb8",
							"matrix": [
								-0.9963962476913458,
								-0.08482050215959744,
								-1.22023347541764e-16,
								0,
								-0.08482050215959744,
								0.9963962476913458,
								-1.0387515647182217e-17,
								0,
								1.2246467991473532e-16,
								0,
								-1,
								0,
								0,
								0.1875,
								0,
								1
							]
						}
					],
					"time": 2.15
				},
				{
					"nodes": [
						{
							"uuid": "20ad2b87-c8f6-a7a7-4312-ba4c853f7eb8",
							"matrix": [
								-0.9965437892082165,
								-0.08306910490988718,
								-1.220414161664017e-16,
								0,
								-0.08306910490988718,
								0.9965437892082165,
								-1.0173031343592902e-17,
								0,
								1.2246467991473532e-16,
								0,
								-1,
								0,
								0,
								0.1875,
								0,
								1
							]
						}
					],
					"time": 2.2
				},
				{
					"nodes": [
						{
							"uuid": "20ad2b87-c8f6-a7a7-4312-ba4c853f7eb8",
							"matrix": [
								-0.99672452102626,
								-0.08087168345578505,
								-1.220635494306488e-16,
								0,
								-0.08087168345578505,
								0.99672452102626,
								-9.903924828578512e-18,
								0,
								1.2246467991473532e-16,
								0,
								-1,
								0,
								0,
								0.1875,
								0,
								1
							]
						}
					],
					"time": 2.25
				},
				{
					"nodes": [
						{
							"uuid": "20ad2b87-c8f6-a7a7-4312-ba4c853f7eb8",
							"matrix": [
								-0.9969335735847025,
								-0.07825247510229127,
								-1.2208915098530382e-16,
								0,
								-0.07825247510229127,
								0.9969335735847025,
								-9.583164315937896e-18,
								0,
								1.2246467991473532e-16,
								0,
								-1,
								0,
								0,
								0.1875,
								0,
								1
							]
						}
					],
					"time": 2.3
				},
				{
					"nodes": [
						{
							"uuid": "20ad2b87-c8f6-a7a7-4312-ba4c853f7eb8",
							"matrix": [
								-0.9971657777362533,
								-0.07523570769025284,
								-1.2211758779239836e-16,
								0,
								-0.07523570769025284,
								0.9971657777362533,
								-9.213716860445404e-18,
								0,
								1.2246467991473532e-16,
								0,
								-1,
								0,
								0,
								0.1875,
								0,
								1
							]
						}
					],
					"time": 2.35
				},
				{
					"nodes": [
						{
							"uuid": "20ad2b87-c8f6-a7a7-4312-ba4c853f7eb8",
							"matrix": [
								-0.9974157648476766,
								-0.07184561248485823,
								-1.2214820238398164e-16,
								0,
								-0.07184561248485823,
								0.9974157648476766,
								-8.798549936236274e-18,
								0,
								1.2246467991473532e-16,
								0,
								-1,
								0,
								0,
								0.1875,
								0,
								1
							]
						}
					],
					"time": 2.4
				},
				{
					"nodes": [
						{
							"uuid": "20ad2b87-c8f6-a7a7-4312-ba4c853f7eb8",
							"matrix": [
								-0.9976780609940029,
								-0.06810643590180457,
								-1.2218032439758436e-16,
								0,
								-0.06810643590180457,
								0.9976780609940029,
								-8.340632872847935e-18,
								0,
								1.2246467991473532e-16,
								0,
								-1,
								0,
								0,
								0.1875,
								0,
								1
							]
						}
					],
					"time": 2.45
				},
				{
					"nodes": [
						{
							"uuid": "20ad2b87-c8f6-a7a7-4312-ba4c853f7eb8",
							"matrix": [
								-0.9979471752662018,
								-0.06404244981423475,
								-1.2221328139078968e-16,
								0,
								-0.06404244981423475,
								0.9979471752662018,
								-7.842938117455759e-18,
								0,
								1.2246467991473532e-16,
								0,
								-1,
								0,
								0,
								0.1875,
								0,
								1
							]
						}
					],
					"time": 2.5
				},
				{
					"nodes": [
						{
							"uuid": "20ad2b87-c8f6-a7a7-4312-ba4c853f7eb8",
							"matrix": [
								-0.9982176822020763,
								-0.059677960245928495,
								-1.2224640893610626e-16,
								0,
								-0.059677960245928495,
								0.9982176822020763,
								-7.308442299481932e-18,
								0,
								1.2246467991473532e-16,
								0,
								-1,
								0,
								0,
								0.1875,
								0,
								1
							]
						}
					],
					"time": 2.55
				},
				{
					"nodes": [
						{
							"uuid": "20ad2b87-c8f6-a7a7-4312-ba4c853f7eb8",
							"matrix": [
								-0.9984842983407592,
								-0.055037314314579255,
								-1.2227905999619018e-16,
								0,
								-0.055037314314579255,
								0.9984842983407592,
								-6.7401270809016286e-18,
								0,
								1.2246467991473532e-16,
								0,
								-1,
								0,
								0,
								0.1875,
								0,
								1
							]
						}
					],
					"time": 2.6
				},
				{
					"nodes": [
						{
							"uuid": "20ad2b87-c8f6-a7a7-4312-ba4c853f7eb8",
							"matrix": [
								-0.9987419528927924,
								-0.05014490534332723,
								-1.223106135784335e-16,
								0,
								-0.05014490534332723,
								0.9987419528927924,
								-6.14097978222527e-18,
								0,
								1.2246467991473532e-16,
								0,
								-1,
								0,
								0,
								0.1875,
								0,
								1
							]
						}
					],
					"time": 2.65
				},
				{
					"nodes": [
						{
							"uuid": "20ad2b87-c8f6-a7a7-4312-ba4c853f7eb8",
							"matrix": [
								-0.9989858525106087,
								-0.045025176109067096,
								-1.223404826670607e-16,
								0,
								-0.045025176109067096,
								0.9989858525106087,
								-5.51399378030149e-18,
								0,
								1.2246467991473532e-16,
								0,
								-1,
								0,
								0,
								0.1875,
								0,
								1
							]
						}
					],
					"time": 2.7
				},
				{
					"nodes": [
						{
							"uuid": "20ad2b87-c8f6-a7a7-4312-ba4c853f7eb8",
							"matrix": [
								-0.9992115401384668,
								-0.03970262024241137,
								-1.2236812143016705e-16,
								0,
								-0.03970262024241137,
								0.9992115401384668,
								-4.8621686797632e-18,
								0,
								1.2246467991473532e-16,
								0,
								-1,
								0,
								0,
								0.1875,
								0,
								1
							]
						}
					],
					"time": 2.75
				},
				{
					"nodes": [
						{
							"uuid": "20ad2b87-c8f6-a7a7-4312-ba4c853f7eb8",
							"matrix": [
								-0.9994149479166323,
								-0.034201781836552744,
								-1.2239303169861225e-16,
								0,
								-0.034201781836552744,
								0.9994149479166323,
								-4.18851026512704e-18,
								0,
								1.2246467991473532e-16,
								0,
								-1,
								0,
								0,
								0.1875,
								0,
								1
							]
						}
					],
					"time": 2.8
				},
				{
					"nodes": [
						{
							"uuid": "20ad2b87-c8f6-a7a7-4312-ba4c853f7eb8",
							"matrix": [
								-0.9995924441118812,
								-0.02854725336062388,
								-1.2241476871334948e-16,
								0,
								-0.02854725336062388,
								0.9995924441118812,
								-3.496030245253656e-18,
								0,
								1.2246467991473532e-16,
								0,
								-1,
								0,
								0,
								0.1875,
								0,
								1
							]
						}
					],
					"time": 2.85
				},
				{
					"nodes": [
						{
							"uuid": "20ad2b87-c8f6-a7a7-4312-ba4c853f7eb8",
							"matrix": [
								-0.999740874045238,
								-0.02276367200746474,
								-1.2243294613762779e-16,
								0,
								-0.02276367200746474,
								0.999740874045238,
								-2.78774580607819e-18,
								0,
								1.2246467991473532e-16,
								0,
								-1,
								0,
								0,
								0.1875,
								0,
								1
							]
						}
					],
					"time": 2.9
				},
				{
					"nodes": [
						{
							"uuid": "20ad2b87-c8f6-a7a7-4312-ba4c853f7eb8",
							"matrix": [
								-0.9998575949881693,
								-0.016875714635951257,
								-1.2244724033054322e-16,
								0,
								-0.016875714635951257,
								0.9998575949881693,
								-2.066678991224185e-18,
								0,
								1.2246467991473532e-16,
								0,
								-1,
								0,
								0,
								0.1875,
								0,
								1
							]
						}
					],
					"time": 2.95
				},
				{
					"nodes": [
						{
							"uuid": "20ad2b87-c8f6-a7a7-4312-ba4c853f7eb8",
							"matrix": [
								-0.9999405050001497,
								-0.010908091494182372,
								-1.2245739387862214e-16,
								0,
								-0.010908091494182372,
								0.9999405050001497,
								-1.335855933315691e-18,
								0,
								1.2246467991473532e-16,
								0,
								-1,
								0,
								0,
								0.1875,
								0,
								1
							]
						}
					],
					"time": 3
				},
				{
					"nodes": [
						{
							"uuid": "20ad2b87-c8f6-a7a7-4312-ba4c853f7eb8",
							"matrix": [
								-0.9999880656834589,
								-0.004885538931823882,
								-1.2246321838248012e-16,
								0,
								-0.004885538931823882,
								0.9999880656834589,
								-5.983059614967896e-19,
								0,
								1.2246467991473532e-16,
								0,
								-1,
								0,
								0,
								0.1875,
								0,
								1
							]
						}
					],
					"time": 3.05
				},
				{
					"nodes": [
						{
							"uuid": "20ad2b87-c8f6-a7a7-4312-ba4c853f7eb8",
							"matrix": [
								-0.9999993188350697,
								0.0011671886722551311,
								-1.2246459649609015e-16,
								0,
								0.0011671886722551311,
								0.9999993188350697,
								1.4293938714782955e-19,
								0,
								1.2246467991473532e-16,
								0,
								-1,
								0,
								0,
								0.1875,
								0,
								1
							]
						}
					],
					"time": 3.1
				},
				{
					"nodes": [
						{
							"uuid": "20ad2b87-c8f6-a7a7-4312-ba4c853f7eb8",
							"matrix": [
								-0.999973896980378,
								0.007225327527282391,
								-1.224614832167925e-16,
								0,
								0.007225327527282391,
								0.999973896980378,
								8.84847422907764e-19,
								0,
								1.2246467991473532e-16,
								0,
								-1,
								0,
								0,
								0.1875,
								0,
								1
							]
						}
					],
					"time": 3.15
				},
				{
					"nodes": [
						{
							"uuid": "20ad2b87-c8f6-a7a7-4312-ba4c853f7eb8",
							"matrix": [
								-0.9999120277790478,
								0.013264113343632804,
								-1.2245390642485502e-16,
								0,
								0.013264113343632804,
								0.9999120277790478,
								1.624385394980761e-18,
								0,
								1.2246467991473532e-16,
								0,
								-1,
								0,
								0,
								0.1875,
								0,
								1
							]
						}
					],
					"time": 3.2
				},
				{
					"nodes": [
						{
							"uuid": "20ad2b87-c8f6-a7a7-4312-ba4c853f7eb8",
							"matrix": [
								-0.9998145322992016,
								0.019258790287265244,
								-1.2244196667212252e-16,
								0,
								0.019258790287265244,
								0.9998145322992016,
								2.3585215880749516e-18,
								0,
								1.2246467991473532e-16,
								0,
								-1,
								0,
								0,
								0.1875,
								0,
								1
							]
						}
					],
					"time": 3.25
				},
				{
					"nodes": [
						{
							"uuid": "20ad2b87-c8f6-a7a7-4312-ba4c853f7eb8",
							"matrix": [
								-0.9996828171622968,
								0.02518461972025443,
								-1.2242583622004154e-16,
								0,
								0.02518461972025443,
								0.9996828171622968,
								3.0842263928152897e-18,
								0,
								1.2246467991473532e-16,
								0,
								-1,
								0,
								0,
								0.1875,
								0,
								1
							]
						}
					],
					"time": 3.3
				},
				{
					"nodes": [
						{
							"uuid": "20ad2b87-c8f6-a7a7-4312-ba4c853f7eb8",
							"matrix": [
								-0.999518860567074,
								0.031016888475444995,
								-1.2240575732808769e-16,
								0,
								0.031016888475444995,
								0.999518860567074,
								3.798473319096414e-18,
								0,
								1.2246467991473532e-16,
								0,
								-1,
								0,
								0,
								0.1875,
								0,
								1
							]
						}
					],
					"time": 3.35
				},
				{
					"nodes": [
						{
							"uuid": "20ad2b87-c8f6-a7a7-4312-ba4c853f7eb8",
							"matrix": [
								-0.9993251922066645,
								0.036730916420817196,
								-1.2238203979432052e-16,
								0,
								0.036730916420817196,
								0.9993251922066645,
								4.498239922450273e-18,
								0,
								1.2246467991473532e-16,
								0,
								-1,
								0,
								0,
								0.1875,
								0,
								1
							]
						}
					],
					"time": 3.4
				},
				{
					"nodes": [
						{
							"uuid": "20ad2b87-c8f6-a7a7-4312-ba4c853f7eb8",
							"matrix": [
								-0.9991048670980919,
								0.04230206308094388,
								-1.22355057750422e-16,
								0,
								0.04230206308094388,
								0.9991048670980919,
								5.180508614940734e-18,
								0,
								1.2246467991473532e-16,
								0,
								-1,
								0,
								0,
								0.1875,
								0,
								1
							]
						}
					],
					"time": 3.45
				},
				{
					"nodes": [
						{
							"uuid": "20ad2b87-c8f6-a7a7-4312-ba4c853f7eb8",
							"matrix": [
								-0.998861433347737,
								0.04770573309890967,
								-1.2232524571410435e-16,
								0,
								0.04770573309890967,
								0.998861433347737,
								5.8422673340557675e-18,
								0,
								1.2246467991473532e-16,
								0,
								-1,
								0,
								0,
								0.1875,
								0,
								1
							]
						}
					],
					"time": 3.5
				},
				{
					"nodes": [
						{
							"uuid": "20ad2b87-c8f6-a7a7-4312-ba4c853f7eb8",
							"matrix": [
								-0.9985988938796772,
								0.052917380342239057,
								-1.2229309390218342e-16,
								0,
								0.052917380342239057,
								0.9985988938796772,
								6.480510045538613e-18,
								0,
								1.2246467991473532e-16,
								0,
								-1,
								0,
								0,
								0.1875,
								0,
								1
							]
						}
					],
					"time": 3.55
				},
				{
					"nodes": [
						{
							"uuid": "20ad2b87-c8f6-a7a7-4312-ba4c853f7eb8",
							"matrix": [
								-0.9983216621559523,
								0.0579125104806944,
								-1.2225914280787522e-16,
								0,
								0.0579125104806944,
								0.9983216621559523,
								7.092237059076994e-18,
								0,
								1.2246467991473532e-16,
								0,
								-1,
								0,
								0,
								0.1875,
								0,
								1
							]
						}
					],
					"time": 3.6
				},
				{
					"nodes": [
						{
							"uuid": "20ad2b87-c8f6-a7a7-4312-ba4c853f7eb8",
							"matrix": [
								-0.9980345119186096,
								0.06266668189223608,
								-1.2222397704597161e-16,
								0,
								0.06266668189223608,
								0.9980345119186096,
								7.674455139251231e-18,
								0,
								1.2246467991473532e-16,
								0,
								-1,
								0,
								0,
								0.1875,
								0,
								1
							]
						}
					],
					"time": 3.65
				},
				{
					"nodes": [
						{
							"uuid": "20ad2b87-c8f6-a7a7-4312-ba4c853f7eb8",
							"matrix": [
								-0.9977425209827159,
								0.06715550478594326,
								-1.221882184694694e-16,
								0,
								0.06715550478594326,
								0.9977425209827159,
								8.224177398123017e-18,
								0,
								1.2246467991473532e-16,
								0,
								-1,
								0,
								0,
								0.1875,
								0,
								1
							]
						}
					],
					"time": 3.7
				},
				{
					"nodes": [
						{
							"uuid": "20ad2b87-c8f6-a7a7-4312-ba4c853f7eb8",
							"matrix": [
								-0.9974510091073192,
								0.0713546384672401,
								-1.2215251856095758e-16,
								0,
								0.0713546384672401,
								0.9974510091073192,
								8.73842296032222e-18,
								0,
								1.2246467991473532e-16,
								0,
								-1,
								0,
								0,
								0.1875,
								0,
								1
							]
						}
					],
					"time": 3.75
				},
				{
					"nodes": [
						{
							"uuid": "20ad2b87-c8f6-a7a7-4312-ba4c853f7eb8",
							"matrix": [
								-0.9971654699675633,
								0.07523978671134438,
								-1.2211755010160425e-16,
								0,
								0.07523978671134438,
								0.9971654699675633,
								9.214216396457745e-18,
								0,
								1.2246467991473532e-16,
								0,
								-1,
								0,
								0,
								0.1875,
								0,
								1
							]
						}
					],
					"time": 3.8
				},
				{
					"nodes": [
						{
							"uuid": "20ad2b87-c8f6-a7a7-4312-ba4c853f7eb8",
							"matrix": [
								-0.996891497245826,
								0.07878669125540927,
								-1.2208399811993135e-16,
								0,
								0.07878669125540927,
								0.996891497245826,
								9.648586926134772e-18,
								0,
