{
	"project_settings": {
		"project_namespace": "snake",
		"project_resolution": [
			16,
			16
		],
		"target_minecraft_version": "1.20+",
		"rig_item": "minecraft:yellow_dye",
		"rig_item_model": "",
		"rig_export_folder": "",
		"texture_export_folder": "",
		"enable_advanced_resource_pack_settings": false,
		"verbose": true,
		"exporter": "animated_java:json_exporter"
	},
	"rig": {
		"default_pose": [
			{
				"uuid": "f3e1ae69-5545-089a-205c-0f85788abbf1",
				"matrix": [
					-1,
					0,
					-1.2246467991473532e-16,
					0,
					0,
					1,
					0,
					0,
					1.2246467991473532e-16,
					0,
					-1,
					0,
					-8.419446744138054e-17,
					0.0625,
					0.6875,
					1
				]
			},
			{
				"uuid": "a34c7b7e-0756-f284-8655-0d0e778389c8",
				"matrix": [
					-1,
					0,
					-1.2246467991473532e-16,
					0,
					0,
					1,
					0,
					0,
					1.2246467991473532e-16,
					0,
					-1,
					0,
					-8.419446744138054e-17,
					0.0625,
					0.6875,
					1
				]
			},
			{
				"uuid": "8ac7327f-b6b4-97a8-cd9e-a1755e06301e",
				"matrix": [
					-1,
					0,
					-1.2246467991473532e-16,
					0,
					0,
					1,
					0,
					0,
					1.2246467991473532e-16,
					0,
					-1,
					0,
					2.8702659355016075e-17,
					0,
					-0.234375,
					1
				]
			},
			{
				"uuid": "9b1f3c7d-c42c-c0d5-fe1f-f322de2e0e98",
				"matrix": [
					-1,
					0,
					-1.2246467991473532e-16,
					0,
					0,
					1,
					0,
					0,
					1.2246467991473532e-16,
					0,
					-1,
					0,
					-8.419446744138054e-17,
					0,
					0.6875,
					1
				]
			}
		],
		"node_map": {
			"f3e1ae69-5545-089a-205c-0f85788abbf1": {
				"type": "bone",
				"name": "head_upper_jaw",
				"uuid": "f3e1ae69-5545-089a-205c-0f85788abbf1",
				"nbt": "{}",
				"custom_model_data": 2,
				"resource_location": "animated_java:item/snake/head_upper_jaw"
			},
			"a34c7b7e-0756-f284-8655-0d0e778389c8": {
				"type": "bone",
				"name": "head_jaw",
				"uuid": "a34c7b7e-0756-f284-8655-0d0e778389c8",
				"nbt": "{}",
				"custom_model_data": 3,
				"resource_location": "animated_java:item/snake/head_jaw"
			},
			"8ac7327f-b6b4-97a8-cd9e-a1755e06301e": {
				"type": "bone",
				"name": "tail",
				"uuid": "8ac7327f-b6b4-97a8-cd9e-a1755e06301e",
				"nbt": "{}",
				"custom_model_data": 4,
				"resource_location": "animated_java:item/snake/tail"
			},
			"9b1f3c7d-c42c-c0d5-fe1f-f322de2e0e98": {
				"type": "bone",
				"name": "torso",
				"uuid": "9b1f3c7d-c42c-c0d5-fe1f-f322de2e0e98",
				"nbt": "{}",
				"custom_model_data": 5,
				"resource_location": "animated_java:item/snake/torso"
			}
		}
	},
	"variants": {
		"8ea577d1-6655-ebc1-d7dd-22358910d628": {
			"name": "hurt",
			"uuid": "8ea577d1-6655-ebc1-d7dd-22358910d628",
			"models": {
				"f3e1ae69-5545-089a-205c-0f85788abbf1": {
					"custom_model_data": 6,
					"resource_location": "animated_java:item/snake/hurt/head_upper_jaw"
				},
				"a34c7b7e-0756-f284-8655-0d0e778389c8": {
					"custom_model_data": 7,
					"resource_location": "animated_java:item/snake/hurt/head_jaw"
				},
				"8ac7327f-b6b4-97a8-cd9e-a1755e06301e": {
					"custom_model_data": 8,
					"resource_location": "animated_java:item/snake/hurt/tail"
				},
				"9b1f3c7d-c42c-c0d5-fe1f-f322de2e0e98": {
					"custom_model_data": 9,
					"resource_location": "animated_java:item/snake/hurt/torso"
				}
			},
			"affected_bones": [],
			"affected_bones_is_a_whitelist": false
		}
	},
	"animations": {
		"walk": {
			"start_delay": 0,
			"loop_delay": 0,
			"frames": [
				{
					"nodes": [
						{
							"uuid": "f3e1ae69-5545-089a-205c-0f85788abbf1",
							"matrix": [
								-1,
								0,
								-1.2246467991473532e-16,
								0,
								2.1265768495757713e-17,
								0.984807753012208,
								-0.17364817766693033,
								0,
								1.2060416625018976e-16,
								-0.17364817766693033,
								-0.984807753012208,
								0,
								-8.419446744138054e-17,
								0.0625,
								0.6875,
								1
							]
						},
						{
							"uuid": "a34c7b7e-0756-f284-8655-0d0e778389c8",
							"matrix": [
								-1,
								0,
								-1.2246467991473532e-16,
								0,
								-5.341834311772723e-18,
								0.9990482215818578,
								0.043619387365336,
								0,
								1.223481206754078e-16,
								0.043619387365336,
								-0.9990482215818578,
								0,
								-8.419446744138054e-17,
								0.0625,
								0.6875,
								1
							]
						},
						{
							"uuid": "8ac7327f-b6b4-97a8-cd9e-a1755e06301e",
							"matrix": [
								-0.984807753012208,
								0,
								-0.1736481776669304,
								0,
								0,
								1,
								0,
								0,
								0.1736481776669304,
								0,
								-0.984807753012208,
								0,
								-0.1600819137867014,
								0,
								-0.22036964730812925,
								1
							]
						},
						{
							"uuid": "9b1f3c7d-c42c-c0d5-fe1f-f322de2e0e98",
							"matrix": [
								-0.984807753012208,
								0,
								0.17364817766693022,
								0,
								0,
								1,
								0,
								0,
								-0.17364817766693022,
								0,
								-0.984807753012208,
								0,
								-8.419446744138054e-17,
								0,
								0.6875,
								1
							]
						}
					],
					"time": 0
				},
				{
					"nodes": [
						{
							"uuid": "f3e1ae69-5545-089a-205c-0f85788abbf1",
							"matrix": [
								-1,
								0,
								-1.2246467991473532e-16,
								0,
								2.095192929337738e-17,
								0.9852561882300928,
								-0.17108548610068575,
								0,
								1.2065908372561053e-16,
								-0.17108548610068575,
								-0.9852561882300928,
								0,
								-8.419446744138054e-17,
								0.0625,
								0.6875,
								1
							]
						},
						{
							"uuid": "a34c7b7e-0756-f284-8655-0d0e778389c8",
							"matrix": [
								-1,
								0,
								-1.2246467991473532e-16,
								0,
								-5.182677479906792e-18,
								0.9991041170947477,
								0.0423197732073866,
								0,
								1.223549659015025e-16,
								0.0423197732073866,
								-0.9991041170947477,
								0,
								-8.419446744138054e-17,
								0.0625,
								0.6875,
								1
							]
						},
						{
							"uuid": "8ac7327f-b6b4-97a8-cd9e-a1755e06301e",
							"matrix": [
								-0.9806829969102356,
								0,
								-0.19560383322204822,
								0,
								0,
								1,
								0,
								0,
								0.19560383322204822,
								0,
								-0.9806829969102356,
								0,
								-0.13976165263376944,
								0,
								-0.223719071397256,
								1
							]
						},
						{
							"uuid": "9b1f3c7d-c42c-c0d5-fe1f-f322de2e0e98",
							"matrix": [
								-0.9884410266004133,
								0,
								0.1516058604840888,
								0,
								0,
								1,
								0,
								0,
								-0.1516058604840888,
								0,
								-0.9884410266004133,
								0,
								-8.419446744138054e-17,
								0,
								0.6875,
								1
							]
						}
					],
					"time": 0.05
				},
				{
					"nodes": [
						{
							"uuid": "f3e1ae69-5545-089a-205c-0f85788abbf1",
							"matrix": [
								-1,
								0,
								-1.2246467991473532e-16,
								0,
								2.054445096105989e-17,
								0.9858281774160744,
								-0.16775817301252685,
								0,
								1.2072913219818645e-16,
								-0.16775817301252685,
								-0.9858281774160744,
								0,
								-8.419446744138054e-17,
								0.0625,
								0.6875,
								1
							]
						},
						{
							"uuid": "a34c7b7e-0756-f284-8655-0d0e778389c8",
							"matrix": [
								-1,
								0,
								-1.2246467991473532e-16,
								0,
								-4.97612759230793e-18,
								0.9991741319065058,
								0.04063316538101029,
								0,
								1.2236354024301376e-16,
								0.04063316538101029,
								-0.9991741319065058,
								0,
								-8.419446744138054e-17,
								0.0625,
								0.6875,
								1
							]
						},
						{
							"uuid": "8ac7327f-b6b4-97a8-cd9e-a1755e06301e",
							"matrix": [
								-0.9742127818877606,
								0,
								-0.22563123809993776,
								0,
								0,
								1,
								0,
								0,
								0.22563123809993776,
								0,
								-0.9742127818877606,
								0,
								-0.11170948068670908,
								0,
								-0.22758169446760645,
								1
							]
						},
						{
							"uuid": "9b1f3c7d-c42c-c0d5-fe1f-f322de2e0e98",
							"matrix": [
								-0.992630990608929,
								0,
								0.12117638582965043,
								0,
								0,
								1,
								0,
								0,
								-0.12117638582965043,
								0,
								-0.992630990608929,
								0,
								-8.419446744138054e-17,
								0,
								0.6875,
								1
							]
						}
					],
					"time": 0.1
				},
				{
					"nodes": [
						{
							"uuid": "f3e1ae69-5545-089a-205c-0f85788abbf1",
							"matrix": [
								-1,
								0,
								-1.2246467991473532e-16,
								0,
								2.0055036482756183e-17,
								0.9864999101322545,
								-0.1637618005184783,
								0,
								1.208113957302617e-16,
								-0.1637618005184783,
								-0.9864999101322545,
								0,
								-8.419446744138054e-17,
								0.0625,
								0.6875,
								1
							]
						},
						{
							"uuid": "a34c7b7e-0756-f284-8655-0d0e778389c8",
							"matrix": [
								-1,
								0,
								-1.2246467991473532e-16,
								0,
								-4.72818231744365e-18,
								0.9992544124244879,
								0.03860853856585911,
								0,
								1.2237337177095182e-16,
								0.03860853856585911,
								-0.9992544124244879,
								0,
								-8.419446744138054e-17,
								0.0625,
								0.6875,
								1
							]
						},
						{
							"uuid": "8ac7327f-b6b4-97a8-cd9e-a1755e06301e",
							"matrix": [
								-0.9651993018659998,
								0,
								-0.2615154061950969,
								0,
								0,
								1,
								0,
								0,
								0.2615154061950969,
								0,
								-0.9651993018659998,
								0,
								-0.0777818259715981,
								0,
								-0.23108777652085266,
								1
							]
						},
						{
							"uuid": "9b1f3c7d-c42c-c0d5-fe1f-f322de2e0e98",
							"matrix": [
								-0.996434198259908,
								0,
								0.08437350613868261,
								0,
								0,
								1,
								0,
								0,
								-0.08437350613868261,
								0,
								-0.996434198259908,
								0,
								-8.419446744138054e-17,
								0,
								0.6875,
								1
							]
						}
					],
					"time": 0.15
				},
				{
					"nodes": [
						{
							"uuid": "f3e1ae69-5545-089a-205c-0f85788abbf1",
							"matrix": [
								-1,
								0,
								-1.2246467991473532e-16,
								0,
								1.9495397039164595e-17,
								0.9872476426302981,
								-0.15919199766608666,
								0,
								1.2090296655129646e-16,
								-0.15919199766608666,
								-0.9872476426302981,
								0,
								-8.419446744138054e-17,
								0.0625,
								0.6875,
								1
							]
						},
						{
							"uuid": "a34c7b7e-0756-f284-8655-0d0e778389c8",
							"matrix": [
								-1,
								0,
								-1.2246467991473532e-16,
								0,
								-4.444840257451052e-18,
								0.9993411239631712,
								0.03629487506557583,
								0,
								1.223839908717816e-16,
								0.03629487506557583,
								-0.9993411239631712,
								0,
								-8.419446744138054e-17,
								0.0625,
								0.6875,
								1
							]
						},
						{
							"uuid": "8ac7327f-b6b4-97a8-cd9e-a1755e06301e",
							"matrix": [
								-0.9536119265209758,
								0,
								-0.30103869119592047,
								0,
								0,
								1,
								0,
								0,
								0.30103869119592047,
								0,
								-0.9536119265209758,
								0,
								-0.039890131480892245,
								0,
								-0.23351155966439263,
								1
							]
						},
						{
							"uuid": "9b1f3c7d-c42c-c0d5-fe1f-f322de2e0e98",
							"matrix": [
								-0.9990633867545954,
								0,
								0.043270651097916925,
								0,
								0,
								1,
								0,
								0,
								-0.043270651097916925,
								0,
								-0.9990633867545954,
								0,
								-8.419446744138054e-17,
								0,
								0.6875,
								1
							]
						}
					],
					"time": 0.2
				},
				{
					"nodes": [
						{
							"uuid": "f3e1ae69-5545-089a-205c-0f85788abbf1",
							"matrix": [
								-1,
								0,
								-1.2246467991473532e-16,
								0,
								1.8877265427811404e-17,
								0.9880483042513966,
								-0.15414457001769402,
								0,
								1.2100101932044429e-16,
								-0.15414457001769402,
								-0.9880483042513966,
								0,
								-8.419446744138054e-17,
								0.0625,
								0.6875,
								1
							]
						},
						{
							"uuid": "a34c7b7e-0756-f284-8655-0d0e778389c8",
							"matrix": [
								-1,
								0,
								-1.2246467991473532e-16,
								0,
								-4.1321018107270325e-18,
								0.9994306045554617,
								0.03374117185137758,
								0,
								1.2239494908387502e-16,
								0.03374117185137758,
								-0.9994306045554617,
								0,
								-8.419446744138054e-17,
								0.0625,
								0.6875,
								1
							]
						},
						{
							"uuid": "8ac7327f-b6b4-97a8-cd9e-a1755e06301e",
							"matrix": [
								-0.9396926207859084,
								0,
								-0.34202014332566877,
								0,
								0,
								1,
								0,
								0,
								0.34202014332566877,
								0,
								-0.9396926207859084,
								0,
								2.8702659355016075e-17,
								0,
								-0.234375,
								1
							]
						},
						{
							"uuid": "9b1f3c7d-c42c-c0d5-fe1f-f322de2e0e98",
							"matrix": [
								-1,
								0,
								-1.2246467991473532e-16,
								0,
								0,
								1,
								0,
								0,
								1.2246467991473532e-16,
								0,
								-1,
								0,
								-8.419446744138054e-17,
								0,
								0.6875,
								1
							]
						}
					],
					"time": 0.25
				},
				{
					"nodes": [
						{
							"uuid": "f3e1ae69-5545-089a-205c-0f85788abbf1",
							"matrix": [
								-1,
								0,
								-1.2246467991473532e-16,
								0,
								1.8212406156378446e-17,
								0.9888800107444603,
								-0.14871558206871266,
								0,
								1.2110287398990035e-16,
								-0.14871558206871266,
								-0.9888800107444603,
								0,
								-8.419446744138054e-17,
								0.0625,
								0.6875,
								1
							]
						},
						{
							"uuid": "a34c7b7e-0756-f284-8655-0d0e778389c8",
							"matrix": [
								-1,
								0,
								-1.2246467991473532e-16,
								0,
								-3.795969743901178e-18,
								0.999519494748824,
								0.03099644523256893,
								0,
								1.224058349929527e-16,
								0.03099644523256893,
								-0.999519494748824,
								0,
								-8.419446744138054e-17,
								0.0625,
								0.6875,
								1
							]
						},
						{
							"uuid": "8ac7327f-b6b4-97a8-cd9e-a1755e06301e",
							"matrix": [
								-0.9240130579403667,
								0,
								-0.3823609142625491,
								0,
								0,
								1,
								0,
								0,
								0.3823609142625491,
								0,
								-0.9240130579403667,
								0,
								0.0398901314808923,
								0,
								-0.23351155966439263,
								1
							]
						},
						{
							"uuid": "9b1f3c7d-c42c-c0d5-fe1f-f322de2e0e98",
							"matrix": [
								-0.9990633867545954,
								0,
								-0.04327065109791716,
								0,
								0,
								1,
								0,
								0,
								0.04327065109791716,
								0,
								-0.9990633867545954,
								0,
								-8.419446744138054e-17,
								0,
								0.6875,
								1
							]
						}
					],
					"time": 0.3
				},
				{
					"nodes": [
						{
							"uuid": "f3e1ae69-5545-089a-205c-0f85788abbf1",
							"matrix": [
								-1,
								0,
								-1.2246467991473532e-16,
								0,
								1.7512622226038573e-17,
								0.989722484327604,
								-0.1430014126377625,
								0,
								1.2120604724759668e-16,
								-0.1430014126377625,
								-0.989722484327604,
								0,
								-8.419446744138054e-17,
								0.0625,
								0.6875,
								1
							]
						},
						{
							"uuid": "a34c7b7e-0756-f284-8655-0d0e778389c8",
							"matrix": [
								-1,
								0,
								-1.2246467991473532e-16,
								0,
								-3.4424494756585073e-18,
								0.9996048433760609,
								0.02810973317413049,
								0,
								1.2241628718526844e-16,
								0.02810973317413049,
								-0.9996048433760609,
								0,
								-8.419446744138054e-17,
								0.0625,
								0.6875,
								1
							]
						},
						{
							"uuid": "8ac7327f-b6b4-97a8-cd9e-a1755e06301e",
							"matrix": [
								-0.9074844245411169,
								0,
								-0.4200857284118063,
								0,
								0,
								1,
								0,
								0,
								0.4200857284118063,
								0,
								-0.9074844245411169,
								0,
								0.07778182597159818,
								0,
								-0.23108777652085266,
								1
							]
						},
						{
							"uuid": "9b1f3c7d-c42c-c0d5-fe1f-f322de2e0e98",
							"matrix": [
								-0.996434198259908,
								0,
								-0.08437350613868286,
								0,
								0,
								1,
								0,
								0,
								0.08437350613868286,
								0,
								-0.996434198259908,
								0,
								-8.419446744138054e-17,
								0,
								0.6875,
								1
							]
						}
					],
					"time": 0.35
				},
				{
					"nodes": [
						{
							"uuid": "f3e1ae69-5545-089a-205c-0f85788abbf1",
							"matrix": [
								-1,
								0,
								-1.2246467991473532e-16,
								0,
								1.6789758777937387e-17,
								0.9905573800893929,
								-0.13709878464245423,
								0,
								1.213082924898263e-16,
								-0.13709878464245423,
								-0.9905573800893929,
								0,
								-8.419446744138054e-17,
								0.0625,
								0.6875,
								1
							]
						},
						{
							"uuid": "a34c7b7e-0756-f284-8655-0d0e778389c8",
							"matrix": [
								-1,
								0,
								-1.2246467991473532e-16,
								0,
								-3.0775490946950726e-18,
								0.9996841892832999,
								0.025130095443337476,
								0,
								1.22426004256401e-16,
								0.025130095443337476,
								-0.9996841892832999,
								0,
								-8.419446744138054e-17,
								0.0625,
								0.6875,
								1
							]
						},
						{
							"uuid": "8ac7327f-b6b4-97a8-cd9e-a1755e06301e",
							"matrix": [
								-0.8913232521894734,
								0,
								-0.45336834925519526,
								0,
								0,
								1,
								0,
								0,
								0.45336834925519526,
								0,
								-0.8913232521894734,
								0,
								0.11170948068670915,
								0,
								-0.22758169446760645,
								1
							]
						},
						{
							"uuid": "9b1f3c7d-c42c-c0d5-fe1f-f322de2e0e98",
							"matrix": [
								-0.992630990608929,
								0,
								-0.12117638582965069,
								0,
								0,
								1,
								0,
								0,
								0.12117638582965069,
								0,
								-0.992630990608929,
								0,
								-8.419446744138054e-17,
								0,
								0.6875,
								1
							]
						}
					],
					"time": 0.4
				},
				{
					"nodes": [
						{
							"uuid": "f3e1ae69-5545-089a-205c-0f85788abbf1",
							"matrix": [
								-1,
								0,
								-1.2246467991473532e-16,
								0,
								1.6055703901142436e-17,
								0.9913685181799609,
								-0.13110477169679488,
								0,
								1.2140762825645437e-16,
								-0.13110477169679488,
								-0.9913685181799609,
								0,
								-8.419446744138054e-17,
								0.0625,
								0.6875,
								1
							]
						},
						{
							"uuid": "a34c7b7e-0756-f284-8655-0d0e778389c8",
							"matrix": [
								-1,
								0,
								-1.2246467991473532e-16,
								0,
								-2.70727914986473e-18,
								0.9997556189941978,
								0.022106611896178092,
								0,
								1.224347518730825e-16,
								0.022106611896178092,
								-0.9997556189941978,
								0,
								-8.419446744138054e-17,
								0.0625,
								0.6875,
								1
							]
						},
						{
							"uuid": "8ac7327f-b6b4-97a8-cd9e-a1755e06301e",
							"matrix": [
								-0.8769784806466768,
								0,
								-0.4805296499516408,
								0,
								0,
								1,
								0,
								0,
								0.4805296499516408,
								0,
								-0.8769784806466768,
								0,
								0.1397616526337695,
								0,
								-0.223719071397256,
								1
							]
						},
						{
							"uuid": "9b1f3c7d-c42c-c0d5-fe1f-f322de2e0e98",
							"matrix": [
								-0.9884410266004133,
								0,
								-0.15160586048408903,
								0,
								0,
								1,
								0,
								0,
								0.15160586048408903,
								0,
								-0.9884410266004133,
								0,
								-8.419446744138054e-17,
								0,
								0.6875,
								1
							]
						}
					],
					"time": 0.45
				},
				{
					"nodes": [
						{
							"uuid": "f3e1ae69-5545-089a-205c-0f85788abbf1",
							"matrix": [
								-1,
								0,
								-1.2246467991473532e-16,
								0,
								1.5322386994179815e-17,
								0.9921420211735297,
								-0.12511678473211915,
								0,
								1.2150235505297487e-16,
								-0.12511678473211915,
								-0.9921420211735297,
								0,
								-8.419446744138054e-17,
								0.0625,
								0.6875,
								1
							]
						},
						{
							"uuid": "a34c7b7e-0756-f284-8655-0d0e778389c8",
							"matrix": [
								-1,
								0,
								-1.2246467991473532e-16,
								0,
								-2.3376522623060103e-18,
								0.999817800289289,
								0.01908837931012905,
								0,
								1.2244236688548255e-16,
								0.01908837931012905,
								-0.999817800289289,
								0,
								-8.419446744138054e-17,
								0.0625,
								0.6875,
								1
							]
						},
						{
							"uuid": "8ac7327f-b6b4-97a8-cd9e-a1755e06301e",
							"matrix": [
								-0.8660254037844386,
								0,
								-0.5,
								0,
								0,
								1,
								0,
								0,
								0.5,
								0,
								-0.8660254037844386,
								0,
								0.16008191378670142,
								0,
								-0.22036964730812925,
								1
							]
						},
						{
							"uuid": "9b1f3c7d-c42c-c0d5-fe1f-f322de2e0e98",
							"matrix": [
								-0.984807753012208,
								0,
								-0.17364817766693044,
								0,
								0,
								1,
								0,
								0,
								0.17364817766693044,
								0,
								-0.984807753012208,
								0,
								-8.419446744138054e-17,
								0,
								0.6875,
								1
							]
						}
					],
					"time": 0.5
				},
				{
					"nodes": [
						{
							"uuid": "f3e1ae69-5545-089a-205c-0f85788abbf1",
							"matrix": [
								-1,
								0,
								-1.2246467991473532e-16,
								0,
								1.4601775134418145e-17,
								0.9928663559838004,
								-0.11923254235085962,
								0,
								1.2159106048366576e-16,
								-0.11923254235085962,
								-0.9928663559838004,
								0,
								-8.419446744138054e-17,
								0.0625,
								0.6875,
								1
							]
						},
						{
							"uuid": "a34c7b7e-0756-f284-8655-0d0e778389c8",
							"matrix": [
								-1,
								0,
								-1.2246467991473532e-16,
								0,
								-1.974682617018245e-18,
								0.9998699916821722,
								0.016124507232559593,
								0,
								1.2244875848770629e-16,
								0.016124507232559593,
								-0.9998699916821722,
								0,
								-8.419446744138054e-17,
								0.0625,
								0.6875,
								1
							]
						},
						{
							"uuid": "8ac7327f-b6b4-97a8-cd9e-a1755e06301e",
							"matrix": [
								-0.8801461629613543,
								0,
								-0.4747027826170867,
								0,
								0,
								1,
								0,
								0,
								0.4747027826170867,
								0,
								-0.8801461629613543,
								0,
								0.17432236150630606,
								0,
								-0.21774318826703398,
								1
							]
						},
						{
							"uuid": "9b1f3c7d-c42c-c0d5-fe1f-f322de2e0e98",
							"matrix": [
								-0.9819587126964436,
								0,
								-0.18909544298989142,
								0,
								0,
								1,
								0,
								0,
								0.18909544298989142,
								0,
								-0.9819587126964436,
								0,
								-8.419446744138054e-17,
								0,
								0.6875,
								1
							]
						}
					],
					"time": 0.55
				},
				{
					"nodes": [
						{
							"uuid": "f3e1ae69-5545-089a-205c-0f85788abbf1",
							"matrix": [
								-1,
								0,
								-1.2246467991473532e-16,
								0,
								1.3905867939734327e-17,
								0.9935322797694498,
								-0.11355002886886353,
								0,
								1.2167261262692292e-16,
								-0.11355002886886353,
								-0.9935322797694498,
								0,
								-8.419446744138054e-17,
								0.0625,
								0.6875,
								1
							]
						},
						{
							"uuid": "a34c7b7e-0756-f284-8655-0d0e778389c8",
							"matrix": [
								-1,
								0,
								-1.2246467991473532e-16,
								0,
								-1.6243853949807601e-18,
								0.9999120277790478,
								0.013264113343632797,
								0,
								1.2245390642485502e-16,
								0.013264113343632797,
								-0.9999120277790478,
								0,
								-8.419446744138054e-17,
								0.0625,
								0.6875,
								1
							]
						},
						{
							"uuid": "8ac7327f-b6b4-97a8-cd9e-a1755e06301e",
							"matrix": [
								-0.9024349526421592,
								0,
								-0.4308261322735005,
								0,
								0,
								1,
								0,
								0,
								0.4308261322735005,
								0,
								-0.9024349526421592,
								0,
								0.18536870855643617,
								0,
								-0.2155459332243953,
								1
							]
						},
						{
							"uuid": "9b1f3c7d-c42c-c0d5-fe1f-f322de2e0e98",
							"matrix": [
								-0.9795752495993441,
								0,
								-0.20107792114596476,
								0,
								0,
								1,
								0,
								0,
								0.20107792114596476,
								0,
								-0.9795752495993441,
								0,
								-8.419446744138054e-17,
								0,
								0.6875,
								1
							]
						}
					],
					"time": 0.6
				},
				{
					"nodes": [
						{
							"uuid": "f3e1ae69-5545-089a-205c-0f85788abbf1",
							"matrix": [
								-1,
								0,
								-1.2246467991473532e-16,
								0,
								1.3246691404813346e-17,
								0.9941326893638295,
								-0.10816744398496128,
								0,
								1.2174614159571638e-16,
								-0.10816744398496128,
								-0.9941326893638295,
								0,
								-8.419446744138054e-17,
								0.0625,
								0.6875,
								1
							]
						},
						{
							"uuid": "a34c7b7e-0756-f284-8655-0d0e778389c8",
							"matrix": [
								-1,
								0,
								-1.2246467991473532e-16,
								0,
								-1.2927762064738257e-18,
								0.9999442805140595,
								0.010556318829019983,
								0,
								1.224578562457246e-16,
								0.010556318829019983,
								-0.9999442805140595,
								0,
								-8.419446744138054e-17,
								0.0625,
								0.6875,
								1
							]
						},
						{
							"uuid": "8ac7327f-b6b4-97a8-cd9e-a1755e06301e",
							"matrix": [
								-0.9286154021410173,
								0,
								-0.37104371023705107,
								0,
								0,
								1,
								0,
								0,
								0.37104371023705107,
								0,
								-0.9286154021410173,
								0,
								0.19324211267696073,
								0,
								-0.21389392138684016,
								1
							]
						},
						{
							"uuid": "9b1f3c7d-c42c-c0d5-fe1f-f322de2e0e98",
							"matrix": [
								-0.9777832367586062,
								0,
								-0.2096185629038219,
								0,
								0,
								1,
								0,
								0,
								0.2096185629038219,
								0,
								-0.9777832367586062,
								0,
								-8.419446744138054e-17,
								0,
								0.6875,
								1
							]
						}
					],
					"time": 0.65
				},
				{
					"nodes": [
						{
							"uuid": "f3e1ae69-5545-089a-205c-0f85788abbf1",
							"matrix": [
								-1,
								0,
								-1.2246467991473532e-16,
								0,
								1.2636291159851607e-17,
								0.9946623738855725,
								-0.10318314773410166,
								0,
								1.2181100924112744e-16,
								-0.10318314773410166,
								-0.9946623738855725,
								0,
								-8.419446744138054e-17,
								0.0625,
								0.6875,
								1
							]
						},
						{
							"uuid": "a34c7b7e-0756-f284-8655-0d0e778389c8",
							"matrix": [
								-1,
								0,
								-1.2246467991473532e-16,
								0,
								-9.858705817627254e-19,
								0.9999675962589898,
								0.008050244221020518,
								0,
								1.2246071160096446e-16,
								0.008050244221020518,
								-0.9999675962589898,
								0,
								-8.419446744138054e-17,
								0.0625,
								0.6875,
								1
							]
						},
						{
							"uuid": "8ac7327f-b6b4-97a8-cd9e-a1755e06301e",
							"matrix": [
								-0.9544488658136518,
								0,
								-0.29837453401226044,
								0,
								0,
								1,
								0,
								0,
								0.29837453401226044,
								0,
								-0.9544488658136518,
								0,
								0.1979591297321364,
								0,
								-0.21286975658931107,
								1
							]
						},
						{
							"uuid": "9b1f3c7d-c42c-c0d5-fe1f-f322de2e0e98",
							"matrix": [
								-0.9766722783341679,
								0,
								-0.21473532716706328,
								0,
								0,
								1,
								0,
								0,
								0.21473532716706328,
								0,
								-0.9766722783341679,
								0,
								-8.419446744138054e-17,
								0,
								0.6875,
								1
							]
						}
					],
					"time": 0.7
				},
				{
					"nodes": [
						{
							"uuid": "f3e1ae69-5545-089a-205c-0f85788abbf1",
							"matrix": [
								-1,
								0,
								-1.2246467991473532e-16,
								0,
								1.2086725532178101e-17,
								0.9951176703206496,
								-0.09869560383118912,
								0,
								1.2186676697331545e-16,
								-0.09869560383118912,
								-0.9951176703206496,
								0,
								-8.419446744138054e-17,
								0.0625,
								0.6875,
								1
							]
						},
						{
							"uuid": "a34c7b7e-0756-f284-8655-0d0e778389c8",
							"matrix": [
								-1,
								0,
								-1.2246467991473532e-16,
								0,
								-7.096835667461934e-19,
								0.9999832088111972,
								0.005795006096780743,
								0,
								1.2246262358717319e-16,
								0.005795006096780743,
								-0.9999832088111972,
								0,
								-8.419446744138054e-17,
								0.0625,
								0.6875,
								1
							]
						},
						{
							"uuid": "8ac7327f-b6b4-97a8-cd9e-a1755e06301e",
							"matrix": [
								-0.9762960071199334,
								0,
								-0.216439613938103,
								0,
								0,
								1,
								0,
								0,
								0.216439613938103,
								0,
								-0.9762960071199334,
								0,
								0.1995302690991886,
								0,
								-0.2125228815636886,
								1
							]
						},
						{
							"uuid": "9b1f3c7d-c42c-c0d5-fe1f-f322de2e0e98",
							"matrix": [
								-0.9762960071199334,
								0,
								-0.216439613938103,
								0,
								0,
								1,
								0,
								0,
								0.216439613938103,
								0,
								-0.9762960071199334,
								0,
								-8.419446744138054e-17,
								0,
								0.6875,
								1
							]
						}
					],
					"time": 0.75
				},
				{
					"nodes": [
						{
							"uuid": "f3e1ae69-5545-089a-205c-0f85788abbf1",
							"matrix": [
								-1,
								0,
								-1.2246467991473532e-16,
								0,
								1.161005869128728e-17,
								0.995496021999177,
								-0.09480332369602938,
								0,
								1.2191310169052153e-16,
								-0.09480332369602938,
								-0.995496021999177,
								0,
								-8.419446744138054e-17,
								0.0625,
								0.6875,
								1
							]
						},
						{
							"uuid": "a34c7b7e-0756-f284-8655-0d0e778389c8",
							"matrix": [
								-1,
								0,
								-1.2246467991473532e-16,
								0,
								-4.7022945854888e-19,
								0.9999926282674982,
								0.0038397149192426097,
								0,
								1.2246377713787407e-16,
								0.0038397149192426097,
								-0.9999926282674982,
								0,
								-8.419446744138054e-17,
								0.0625,
								0.6875,
								1
							]
						},
						{
							"uuid": "8ac7327f-b6b4-97a8-cd9e-a1755e06301e",
							"matrix": [
								-0.9915810044372618,
								0,
								-0.12948788220984705,
								0,
								0,
								1,
								0,
								0,
								0.12948788220984705,
								0,
								-0.9915810044372618,
								0,
								0.1979591297321364,
								0,
								-0.21286975658931107,
								1
							]
						},
						{
							"uuid": "9b1f3c7d-c42c-c0d5-fe1f-f322de2e0e98",
							"matrix": [
								-0.9766722783341679,
								0,
								-0.21473532716706328,
								0,
								0,
								1,
								0,
								0,
								0.21473532716706328,
								0,
								-0.9766722783341679,
								0,
								-8.419446744138054e-17,
								0,
								0.6875,
								1
							]
						}
					],
					"time": 0.8
				},
				{
					"nodes": [
						{
							"uuid": "f3e1ae69-5545-089a-205c-0f85788abbf1",
							"matrix": [
								-1,
								0,
								-1.2246467991473532e-16,
								0,
								1.1218354024977616e-17,
								0.9957954400134099,
								-0.09160481236539605,
								0,
								1.2194976982179527e-16,
								-0.09160481236539605,
								-0.9957954400134099,
								0,
								-8.419446744138054e-17,
								0.0625,
								0.6875,
								1
							]
						},
						{
							"uuid": "a34c7b7e-0756-f284-8655-0d0e778389c8",
							"matrix": [
								-1,
								0,
								-1.2246467991473532e-16,
								0,
								-2.735216993568024e-19,
								0.9999975057934549,
								0.002233474170244342,
								0,
								1.2246437446252914e-16,
								0.002233474170244342,
								-0.9999975057934549,
								0,
								-8.419446744138054e-17,
								0.0625,
								0.6875,
								1
							]
						},
						{
							"uuid": "8ac7327f-b6b4-97a8-cd9e-a1755e06301e",
							"matrix": [
								-0.999108151868432,
								0,
								-0.042224410831247866,
								0,
								0,
								1,
								0,
								0,
								0.042224410831247866,
								0,
								-0.999108151868432,
								0,
								0.19324211267696073,
								0,
								-0.21389392138684005,
								1
							]
						},
						{
							"uuid": "9b1f3c7d-c42c-c0d5-fe1f-f322de2e0e98",
							"matrix": [
								-0.9777832367586061,
								0,
								-0.20961856290382191,
								0,
								0,
								1,
								0,
								0,
								0.20961856290382191,
								0,
								-0.9777832367586061,
								0,
								-8.419446744138054e-17,
								0,
								0.6875,
								1
							]
						}
					],
					"time": 0.85
				},
				{
					"nodes": [
						{
							"uuid": "f3e1ae69-5545-089a-205c-0f85788abbf1",
							"matrix": [
								-1,
								0,
								-1.2246467991473532e-16,
								0,
								1.0923667728764702e-17,
								0.9960138677333975,
								-0.0891985161466162,
								0,
								1.2197651950260804e-16,
								-0.0891985161466162,
								-0.9960138677333975,
								0,
								-8.419446744138054e-17,
								0.0625,
								0.6875,
								1
							]
						},
						{
							"uuid": "a34c7b7e-0756-f284-8655-0d0e778389c8",
							"matrix": [
								-1,
								0,
								-1.2246467991473532e-16,
								0,
								-1.2557292605770233e-19,
								0.9999994742970145,
								0.0010253807558647202,
								0,
								1.2246461553468749e-16,
								0.0010253807558647202,
								-0.9999994742970145,
								0,
								-8.419446744138054e-17,
								0.0625,
								0.6875,
								1
							]
						},
						{
							"uuid": "8ac7327f-b6b4-97a8-cd9e-a1755e06301e",
							"matrix": [
								-0.999180325602039,
								0,
								0.04048057472175243,
								0,
								0,
								1,
								0,
								0,
								-0.04048057472175243,
								0,
								-0.999180325602039,
								0,
								0.18536870855643617,
								0,
								-0.2155459332243953,
								1
							]
						},
						{
							"uuid": "9b1f3c7d-c42c-c0d5-fe1f-f322de2e0e98",
							"matrix": [
								-0.9795752495993441,
								0,
								-0.20107792114596476,
								0,
								0,
								1,
								0,
								0,
								0.20107792114596476,
								0,
								-0.9795752495993441,
								0,
								-8.419446744138054e-17,
								0,
								0.6875,
								1
							]
						}
					],
					"time": 0.9
				},
				{
					"nodes": [
						{
							"uuid": "f3e1ae69-5545-089a-205c-0f85788abbf1",
							"matrix": [
								-1,
								0,
								-1.2246467991473532e-16,
								0,
								1.0738042392598854e-17,
								0.9961484486769207,
								-0.08768277024914528,
								0,
								1.2199300091477924e-16,
								-0.08768277024914528,
								-0.9961484486769207,
								0,
								-8.419446744138054e-17,
								0.0625,
								0.6875,
								1
							]
						},
						{
							"uuid": "a34c7b7e-0756-f284-8655-0d0e778389c8",
							"matrix": [
								-1,
								0,
								-1.2246467991473532e-16,
								0,
								-3.2395148457440057e-20,
								0.9999999650128749,
								0.00026452646167037566,
								0,
								1.2246467563004823e-16,
								0.00026452646167037566,
								-0.9999999650128749,
								0,
								-8.419446744138054e-17,
								0.0625,
								0.6875,
								1
							]
						},
						{
							"uuid": "8ac7327f-b6b4-97a8-cd9e-a1755e06301e",
							"matrix": [
								-0.9934925828034176,
								0,
								0.1138968301340936,
								0,
								0,
								1,
								0,
								0,
								-0.1138968301340936,
								0,
								-0.9934925828034176,
								0,
								0.1743223615063061,
								0,
								-0.21774318826703398,
								1
							]
						},
						{
							"uuid": "9b1f3c7d-c42c-c0d5-fe1f-f322de2e0e98",
							"matrix": [
								-0.9819587126964436,
								0,
								-0.18909544298989145,
								0,
								0,
								1,
								0,
								0,
								0.18909544298989145,
								0,
								-0.9819587126964436,
								0,
								-8.419446744138054e-17,
								0,
								0.6875,
								1
							]
						}
					],
					"time": 0.95
				},
				{
					"nodes": [
						{
							"uuid": "f3e1ae69-5545-089a-205c-0f85788abbf1",
							"matrix": [
								-1,
								0,
								-1.2246467991473532e-16,
								0,
								1.0673500138322974e-17,
								0.9961946980917455,
								-0.08715574274765818,
								0,
								1.2199866483456202e-16,
								-0.08715574274765818,
								-0.9961946980917455,
								0,
								-8.419446744138054e-17,
								0.0625,
								0.6875,
								1
							]
						},
						{
							"uuid": "a34c7b7e-0756-f284-8655-0d0e778389c8",
							"matrix": [
								-1,
								0,
								-1.2246467991473532e-16,
								0,
								0,
								1,
								0,
								0,
								1.2246467991473532e-16,
								0,
								-1,
								0,
								-8.419446744138054e-17,
								0.0625,
								0.6875,
								1
							]
						},
						{
							"uuid": "8ac7327f-b6b4-97a8-cd9e-a1755e06301e",
							"matrix": [
								-0.9848077530122081,
								0,
								0.17364817766693016,
								0,
								0,
								1,
								0,
								0,
								-0.17364817766693016,
								0,
								-0.9848077530122081,
								0,
								0.16008191378670142,
								0,
								-0.22036964730812925,
								1
							]
						},
						{
							"uuid": "9b1f3c7d-c42c-c0d5-fe1f-f322de2e0e98",
							"matrix": [
								-0.984807753012208,
								0,
								-0.17364817766693044,
								0,
								0,
								1,
								0,
								0,
								0.17364817766693044,
								0,
								-0.984807753012208,
								0,
								-8.419446744138054e-17,
								0,
								0.6875,
								1
							]
						}
					],
					"time": 1
				},
				{
					"nodes": [
						{
							"uuid": "f3e1ae69-5545-089a-205c-0f85788abbf1",
							"matrix": [
								-1,
								0,
								-1.2246467991473532e-16,
								0,
								1.0738042392598857e-17,
								0.9961484486769207,
								-0.08768277024914531,
								0,
								1.2199300091477924e-16,
								-0.08768277024914531,
								-0.9961484486769207,
								0,
								-8.419446744138054e-17,
								0.0625,
								0.6875,
								1
							]
						},
						{
							"uuid": "a34c7b7e-0756-f284-8655-0d0e778389c8",
							"matrix": [
								-1,
								0,
								-1.2246467991473532e-16,
								0,
								-3.2395148457441104e-20,
								0.9999999650128749,
								0.0002645264616703842,
								0,
								1.2246467563004823e-16,
								0.0002645264616703842,
								-0.9999999650128749,
								0,
								-8.419446744138054e-17,
								0.0625,
								0.6875,
								1
							]
						},
						{
							"uuid": "8ac7327f-b6b4-97a8-cd9e-a1755e06301e",
							"matrix": [
								-0.9740550241708108,
								0,
