{
	"project_settings": {
		"project_namespace": "stenel",
		"project_resolution": [
			128,
			128
		],
		"target_minecraft_version": "1.20+",
		"rig_item": "minecraft:black_dye",
		"rig_item_model": "",
		"rig_export_folder": "",
		"texture_export_folder": "",
		"enable_advanced_resource_pack_settings": false,
		"verbose": true,
		"exporter": "animated_java:json_exporter"
	},
	"rig": {
		"default_pose": [
			{
				"uuid": "a0ecf74a-ef42-107b-f6b7-ef402f75465e",
				"matrix": [
					-1,
					0,
					-1.2246467991473532e-16,
					0,
					0,
					1,
					0,
					0,
					1.2246467991473532e-16,
					0,
					-1,
					0,
					0.3125,
					1.375,
					3.827021247335479e-17,
					1
				]
			},
			{
				"uuid": "06862c9c-d3ac-6571-b562-5b0204028a99",
				"matrix": [
					-1,
					0,
					-1.2246467991473532e-16,
					0,
					0,
					1,
					0,
					0,
					1.2246467991473532e-16,
					0,
					-1,
					0,
					-0.3125,
					1.375,
					-3.827021247335479e-17,
					1
				]
			},
			{
				"uuid": "00fce31f-60f7-dc73-25bf-06ed63b928b3",
				"matrix": [
					-1,
					0,
					-1.2246467991473532e-16,
					0,
					0,
					1,
					0,
					0,
					1.2246467991473532e-16,
					0,
					-1,
					0,
					0.125,
					0.75,
					1.5308084989341915e-17,
					1
				]
			},
			{
				"uuid": "aabda439-025f-71b5-289e-51b17c619b5b",
				"matrix": [
					-1,
					0,
					-1.2246467991473532e-16,
					0,
					0,
					1,
					0,
					0,
					1.2246467991473532e-16,
					0,
					-1,
					0,
					-0.125,
					0.75,
					-1.5308084989341915e-17,
					1
				]
			},
			{
				"uuid": "60dfbb43-b38c-18c4-3fa8-c58739a3e8a7",
				"matrix": [
					-1,
					0,
					-1.2246467991473532e-16,
					0,
					0,
					1,
					0,
					0,
					1.2246467991473532e-16,
					0,
					-1,
					0,
					0,
					1.5,
					0,
					1
				]
			},
			{
				"uuid": "f3c273ec-bd96-4f86-9b63-06b6c12121a6",
				"matrix": [
					-1,
					0,
					-1.2246467991473532e-16,
					0,
					0,
					1,
					0,
					0,
					1.2246467991473532e-16,
					0,
					-1,
					0,
					0,
					1.5,
					0,
					1
				]
			},
			{
				"uuid": "f7a47e46-cdcc-3459-b4dd-a65da2b751af",
				"matrix": [
					-1,
					0,
					-1.2246467991473532e-16,
					0,
					0,
					1,
					0,
					0,
					1.2246467991473532e-16,
					0,
					-1,
					0,
					0,
					1.5,
					0,
					1
				]
			}
		],
		"node_map": {
			"a0ecf74a-ef42-107b-f6b7-ef402f75465e": {
				"type": "bone",
				"name": "left_arm",
				"uuid": "a0ecf74a-ef42-107b-f6b7-ef402f75465e",
				"nbt": "{}",
				"custom_model_data": 2,
				"resource_location": "animated_java:item/stenel/left_arm"
			},
			"06862c9c-d3ac-6571-b562-5b0204028a99": {
				"type": "bone",
				"name": "right_arm",
				"uuid": "06862c9c-d3ac-6571-b562-5b0204028a99",
				"nbt": "{}",
				"custom_model_data": 3,
				"resource_location": "animated_java:item/stenel/right_arm"
			},
			"00fce31f-60f7-dc73-25bf-06ed63b928b3": {
				"type": "bone",
				"name": "left_leg",
				"uuid": "00fce31f-60f7-dc73-25bf-06ed63b928b3",
				"nbt": "{}",
				"custom_model_data": 4,
				"resource_location": "animated_java:item/stenel/left_leg"
			},
			"aabda439-025f-71b5-289e-51b17c619b5b": {
				"type": "bone",
				"name": "right_leg",
				"uuid": "aabda439-025f-71b5-289e-51b17c619b5b",
				"nbt": "{}",
				"custom_model_data": 5,
				"resource_location": "animated_java:item/stenel/right_leg"
			},
			"60dfbb43-b38c-18c4-3fa8-c58739a3e8a7": {
				"type": "bone",
				"name": "head_hat",
				"uuid": "60dfbb43-b38c-18c4-3fa8-c58739a3e8a7",
				"nbt": "{}",
				"custom_model_data": 6,
				"resource_location": "animated_java:item/stenel/head_hat"
			},
			"f3c273ec-bd96-4f86-9b63-06b6c12121a6": {
				"type": "bone",
				"name": "head",
				"uuid": "f3c273ec-bd96-4f86-9b63-06b6c12121a6",
				"nbt": "{}",
				"custom_model_data": 7,
				"resource_location": "animated_java:item/stenel/head"
			},
			"f7a47e46-cdcc-3459-b4dd-a65da2b751af": {
				"type": "bone",
				"name": "body",
				"uuid": "f7a47e46-cdcc-3459-b4dd-a65da2b751af",
				"nbt": "{}",
				"custom_model_data": 8,
				"resource_location": "animated_java:item/stenel/body"
			}
		}
	},
	"variants": {
		"a1b56381-1999-d617-27a8-c8a9a1fdf78e": {
			"name": "hurt",
			"uuid": "a1b56381-1999-d617-27a8-c8a9a1fdf78e",
			"models": {
				"a0ecf74a-ef42-107b-f6b7-ef402f75465e": {
					"custom_model_data": 9,
					"resource_location": "animated_java:item/stenel/hurt/left_arm"
				},
				"06862c9c-d3ac-6571-b562-5b0204028a99": {
					"custom_model_data": 10,
					"resource_location": "animated_java:item/stenel/hurt/right_arm"
				},
				"00fce31f-60f7-dc73-25bf-06ed63b928b3": {
					"custom_model_data": 11,
					"resource_location": "animated_java:item/stenel/hurt/left_leg"
				},
				"aabda439-025f-71b5-289e-51b17c619b5b": {
					"custom_model_data": 12,
					"resource_location": "animated_java:item/stenel/hurt/right_leg"
				},
				"60dfbb43-b38c-18c4-3fa8-c58739a3e8a7": {
					"custom_model_data": 13,
					"resource_location": "animated_java:item/stenel/hurt/head_hat"
				},
				"f3c273ec-bd96-4f86-9b63-06b6c12121a6": {
					"custom_model_data": 14,
					"resource_location": "animated_java:item/stenel/hurt/head"
				},
				"f7a47e46-cdcc-3459-b4dd-a65da2b751af": {
					"custom_model_data": 15,
					"resource_location": "animated_java:item/stenel/hurt/body"
				}
			},
			"affected_bones": [],
			"affected_bones_is_a_whitelist": false
		}
	},
	"animations": {
		"walk": {
			"start_delay": 0,
			"loop_delay": 0,
			"frames": [
				{
					"nodes": [
						{
							"uuid": "a0ecf74a-ef42-107b-f6b7-ef402f75465e",
							"matrix": [
								-0.9961947052712221,
								-0.08508973245586551,
								0.0188638972689137,
								0,
								-0.08715566068581855,
								0.9725809234005208,
								-0.2156159508195273,
								0,
								3.694371797876203e-8,
								-0.21643956400801487,
								-0.9762960181891653,
								0,
								0.3125,
								1.314399030873474,
								-0.021706022208366253,
								1
							]
						},
						{
							"uuid": "06862c9c-d3ac-6571-b562-5b0204028a99",
							"matrix": [
								-0.9961947052712221,
								0.07350636084582943,
								0.04682866755295958,
								0,
								0.08715566068581852,
								0.8401821184340191,
								0.5352549847261044,
								0,
								3.694371796248592e-8,
								0.5372995652137889,
								-0.8433914732916572,
								0,
								-0.3125,
								1.314399030873474,
								-0.02170602220836633,
								1
							]
						},
						{
							"uuid": "00fce31f-60f7-dc73-25bf-06ed63b928b3",
							"matrix": [
								-1,
								0,
								-1.2246467991473532e-16,
								0,
								1.067350013832297e-17,
								0.9961946980917454,
								-0.08715574274765814,
								0,
								1.21998664834562e-16,
								-0.08715574274765814,
								-0.9961946980917454,
								0,
								0.125,
								0.7387386475957407,
								0.003717846980511419,
								1
							]
						},
						{
							"uuid": "aabda439-025f-71b5-289e-51b17c619b5b",
							"matrix": [
								-1,
								0,
								-1.2246467991473532e-16,
								0,
								-5.175581015019658e-17,
								0.9063077870366499,
								0.4226182617406994,
								0,
								1.1099069304367545e-16,
								0.4226182617406994,
								-0.9063077870366499,
								0,
								-0.12499999999999999,
								0.698894185240844,
								-0.13023613325019778,
								1
							]
						},
						{
							"uuid": "60dfbb43-b38c-18c4-3fa8-c58739a3e8a7",
							"matrix": [
								-1,
								0,
								-1.2246467991473532e-16,
								0,
								-1.5984848350717836e-17,
								0.9914448613738103,
								0.13052619222005157,
								0,
								1.2141697760125282e-16,
								0.13052619222005157,
								-0.9914448613738103,
								0,
								3.823378771106493e-18,
								1.4388631058551669,
								-0.031220256924433053,
								1
							]
						},
						{
							"uuid": "f3c273ec-bd96-4f86-9b63-06b6c12121a6",
							"matrix": [
								-1,
								0,
								-1.2246467991473532e-16,
								0,
								-5.341834311772725e-18,
								0.9990482215818577,
								0.04361938736533599,
								0,
								1.2234812067540777e-16,
								0.04361938736533599,
								-0.9990482215818577,
								0,
								0,
								1.4375,
								0,
								1
							]
						},
						{
							"uuid": "f7a47e46-cdcc-3459-b4dd-a65da2b751af",
							"matrix": [
								-1,
								0,
								-1.2246467991473532e-16,
								0,
								-2.1265768495757713e-17,
								0.984807753012208,
								0.17364817766693033,
								0,
								1.2060416625018976e-16,
								0.17364817766693033,
								-0.984807753012208,
								0,
								0,
								1.4375,
								0,
								1
							]
						}
					],
					"time": 0
				},
				{
					"nodes": [
						{
							"uuid": "a0ecf74a-ef42-107b-f6b7-ef402f75465e",
							"matrix": [
								-0.9973651120202801,
								-0.07082826595355139,
								0.015690445079320416,
								0,
								-0.07191451486499005,
								0.9937514753608879,
								-0.08535987212848672,
								0,
								-0.009546511221766047,
								-0.08626332917336005,
								-0.9962266319284088,
								0,
								0.3125,
								1.349555280873474,
								-0.021706022208366253,
								1
							]
						},
						{
							"uuid": "06862c9c-d3ac-6571-b562-5b0204028a99",
							"matrix": [
								-0.9973651120202801,
								0.061190350584741295,
								0.03896888913082619,
								0,
								0.07191451486499002,
								0.90462613259209,
								0.42009506398339336,
								0,
								-0.009546511221766057,
								0.4217905893056348,
								-0.9066430184459029,
								0,
								-0.3125,
								1.349555280873474,
								-0.02170602220836633,
								1
							]
						},
						{
							"uuid": "00fce31f-60f7-dc73-25bf-06ed63b928b3",
							"matrix": [
								-1,
								0,
								-1.2246467991473532e-16,
								0,
								-5.469954011732334e-18,
								0.999001995685138,
								0.04466556410828598,
								0,
								1.223424596357622e-16,
								0.04466556410828598,
								-0.999001995685138,
								0,
								0.12500000000000003,
								0.7659260051247614,
								-0.0230729490656304,
								1
							]
						},
						{
							"uuid": "aabda439-025f-71b5-289e-51b17c619b5b",
							"matrix": [
								-1,
								0,
								-1.2246467991473532e-16,
								0,
								-4.180503676916103e-17,
								0.9399311668734954,
								0.34136403082315103,
								0,
								1.151083694930463e-16,
								0.34136403082315103,
								-0.9399311668734954,
								0,
								-0.12499999999999999,
								0.7420193277118232,
								-0.10344533720405596,
								1
							]
						},
						{
							"uuid": "60dfbb43-b38c-18c4-3fa8-c58739a3e8a7",
							"matrix": [
								-1,
								0,
								-1.2246467991473532e-16,
								0,
								-1.5984848350717836e-17,
								0.9914448613738103,
								0.13052619222005157,
								0,
								1.2141697760125282e-16,
								0.13052619222005157,
								-0.9914448613738103,
								0,
								3.823378771106493e-18,
								1.4740193558551669,
								-0.031220256924433053,
								1
							]
						},
						{
							"uuid": "f3c273ec-bd96-4f86-9b63-06b6c12121a6",
							"matrix": [
								-1,
								0,
								-1.2246467991473532e-16,
								0,
								-5.341834311772725e-18,
								0.9990482215818577,
								0.04361938736533599,
								0,
								1.2234812067540777e-16,
								0.04361938736533599,
								-0.9990482215818577,
								0,
								0,
								1.47265625,
								0,
								1
							]
						},
						{
							"uuid": "f7a47e46-cdcc-3459-b4dd-a65da2b751af",
							"matrix": [
								-1,
								0,
								-1.2246467991473532e-16,
								0,
								-2.1265768495757713e-17,
								0.984807753012208,
								0.17364817766693033,
								0,
								1.2060416625018976e-16,
								0.17364817766693033,
								-0.984807753012208,
								0,
								0,
								1.47265625,
								0,
								1
							]
						}
					],
					"time": 0.05
				},
				{
					"nodes": [
						{
							"uuid": "a0ecf74a-ef42-107b-f6b7-ef402f75465e",
							"matrix": [
								-0.9987366914402356,
								-0.04906221384704902,
								0.010859113381772336,
								0,
								-0.047489281538644984,
								0.9922093737952896,
								0.11517519998551037,
								0,
								-0.01642526438006613,
								0.11451400667684905,
								-0.9932858364865873,
								0,
								0.3125,
								1.376899030873474,
								-0.021706022208366253,
								1
							]
						},
						{
							"uuid": "06862c9c-d3ac-6571-b562-5b0204028a99",
							"matrix": [
								-0.9987366914402356,
								0.042389364796268675,
								0.02698449412497128,
								0,
								0.04748928153864494,
								0.9717640652366476,
								0.2311263067106116,
								0,
								-0.01642526438006613,
								0.23211579710763605,
								-0.972549467854017,
								0,
								-0.3125,
								1.376899030873474,
								-0.02170602220836633,
								1
							]
						},
						{
							"uuid": "00fce31f-60f7-dc73-25bf-06ed63b928b3",
							"matrix": [
								-1,
								0,
								-1.2246467991473532e-16,
								0,
								-2.979277230464811e-17,
								0.9699569938762973,
								0.2432764477512292,
								0,
								1.187854727861196e-16,
								0.2432764477512292,
								-0.9699569938762973,
								0,
								0.12500000000000003,
								0.785300862653782,
								-0.04986374511177226,
								1
							]
						},
						{
							"uuid": "aabda439-025f-71b5-289e-51b17c619b5b",
							"matrix": [
								-1,
								0,
								-1.2246467991473532e-16,
								0,
								-2.604692950231189e-17,
								0.9771198765416796,
								0.21268932005903074,
								0,
								1.1966267291900248e-16,
								0.21268932005903074,
								-0.9771198765416796,
								0,
								-0.12499999999999999,
								0.7773319701828028,
								-0.07665454115791412,
								1
							]
						},
						{
							"uuid": "60dfbb43-b38c-18c4-3fa8-c58739a3e8a7",
							"matrix": [
								-1,
								0,
								-1.2246467991473532e-16,
								0,
								-1.5984848350717836e-17,
								0.9914448613738103,
								0.13052619222005157,
								0,
								1.2141697760125282e-16,
								0.13052619222005157,
								-0.9914448613738103,
								0,
								3.823378771106493e-18,
								1.5013631058551669,
								-0.031220256924433053,
								1
							]
						},
						{
							"uuid": "f3c273ec-bd96-4f86-9b63-06b6c12121a6",
							"matrix": [
								-1,
								0,
								-1.2246467991473532e-16,
								0,
								-5.341834311772725e-18,
								0.9990482215818577,
								0.04361938736533599,
								0,
								1.2234812067540777e-16,
								0.04361938736533599,
								-0.9990482215818577,
								0,
								0,
								1.5,
								0,
								1
							]
						},
						{
							"uuid": "f7a47e46-cdcc-3459-b4dd-a65da2b751af",
							"matrix": [
								-1,
								0,
								-1.2246467991473532e-16,
								0,
								-2.1265768495757713e-17,
								0.984807753012208,
								0.17364817766693033,
								0,
								1.2060416625018976e-16,
								0.17364817766693033,
								-0.984807753012208,
								0,
								0,
								1.5,
								0,
								1
							]
						}
					],
					"time": 0.1
				},
				{
					"nodes": [
						{
							"uuid": "a0ecf74a-ef42-107b-f6b7-ef402f75465e",
							"matrix": [
								-0.9996480260190032,
								-0.02590350387914992,
								0.005729970601436393,
								0,
								-0.02266622416954446,
								0.9461511439157003,
								0.3229307280964564,
								0,
								-0.013786455607095648,
								0.32268718808436503,
								-0.9464052579566531,
								0,
								0.3125,
								1.3606953271697704,
								-0.021706022208366253,
								1
							]
						},
						{
							"uuid": "06862c9c-d3ac-6571-b562-5b0204028a99",
							"matrix": [
								-0.9996480260190032,
								0.02238156608138115,
								0.014243931200873836,
								0,
								0.02266622416954442,
								0.9995400619935423,
								0.02014712763253257,
								0,
								-0.01378645560709564,
								0.020462892505468677,
								-0.9996955554928226,
								0,
								-0.3125,
								1.3606953271697704,
								-0.02170602220836633,
								1
							]
						},
						{
							"uuid": "00fce31f-60f7-dc73-25bf-06ed63b928b3",
							"matrix": [
								-1,
								0,
								-1.2246467991473532e-16,
								0,
								-5.4298891472168e-17,
								0.896331714747493,
								0.4433840966225773,
								0,
								1.0976897654397756e-16,
								0.4433840966225773,
								-0.896331714747493,
								0,
								0.12500000000000003,
								0.761128266479099,
								-0.07665454115791406,
								1
							]
						},
						{
							"uuid": "aabda439-025f-71b5-289e-51b17c619b5b",
							"matrix": [
								-1,
								0,
								-1.2246467991473532e-16,
								0,
								-8.798549936236285e-18,
								0.9974157648476765,
								0.07184561248485831,
								0,
								1.2214820238398159e-16,
								0.07184561248485831,
								-0.9974157648476765,
								0,
								-0.125,
								0.7690971589500782,
								-0.04986374511177229,
								1
							]
						},
						{
							"uuid": "60dfbb43-b38c-18c4-3fa8-c58739a3e8a7",
							"matrix": [
								-1,
								0,
								-1.2246467991473532e-16,
								0,
								-1.5984848350717836e-17,
								0.9914448613738103,
								0.13052619222005157,
								0,
								1.2141697760125282e-16,
								0.13052619222005157,
								-0.9914448613738103,
								0,
								3.823378771106493e-18,
								1.4851594021514631,
								-0.031220256924433053,
								1
							]
						},
						{
							"uuid": "f3c273ec-bd96-4f86-9b63-06b6c12121a6",
							"matrix": [
								-1,
								0,
								-1.2246467991473532e-16,
								0,
								-5.341834311772725e-18,
								0.9990482215818577,
								0.04361938736533599,
								0,
								1.2234812067540777e-16,
								0.04361938736533599,
								-0.9990482215818577,
								0,
								0,
								1.4837962962962963,
								0,
								1
							]
						},
						{
							"uuid": "f7a47e46-cdcc-3459-b4dd-a65da2b751af",
							"matrix": [
								-1,
								0,
								-1.2246467991473532e-16,
								0,
								-2.1265768495757713e-17,
								0.984807753012208,
								0.17364817766693033,
								0,
								1.2060416625018976e-16,
								0.17364817766693033,
								-0.984807753012208,
								0,
								0,
								1.4837962962962963,
								0,
								1
							]
						}
					],
					"time": 0.15
				},
				{
					"nodes": [
						{
							"uuid": "a0ecf74a-ef42-107b-f6b7-ef402f75465e",
							"matrix": [
								-0.9999705039589206,
								-0.007499361595912096,
								0.0016585499076418539,
								0,
								-0.005795113936823786,
								0.8784104225255069,
								0.47787189313980327,
								0,
								-0.00504062164832977,
								0.4778481863251277,
								-0.8784279725505012,
								0,
								0.3125,
								1.3306027345771778,
								-0.021706022208366253,
								1
							]
						},
						{
							"uuid": "06862c9c-d3ac-6571-b562-5b0204028a99",
							"matrix": [
								-0.9999705039589206,
								0.006479837275159346,
								0.004123459837301063,
								0,
								0.005795113936823746,
								0.9888776054516348,
								-0.14861863305353018,
								0,
								-0.0050406216483297565,
								-0.14859035347265334,
								-0.9888859888724636,
								0,
								-0.3125,
								1.3306027345771778,
								-0.02170602220836633,
								1
							]
						},
						{
							"uuid": "00fce31f-60f7-dc73-25bf-06ed63b928b3",
							"matrix": [
								-1,
								0,
								-1.2246467991473532e-16,
								0,
								-7.205208333463541e-17,
								0.8086064457378664,
								0.5883499094171551,
								0,
								9.902572955427961e-17,
								0.5883499094171551,
								-0.8086064457378664,
								0,
								0.12500000000000003,
								0.7230667814155269,
								-0.10344533720405591,
								1
							]
						},
						{
							"uuid": "aabda439-025f-71b5-289e-51b17c619b5b",
							"matrix": [
								-1,
								0,
								-1.2246467991473532e-16,
								0,
								5.042865807031099e-18,
								0.9991518213376785,
								-0.04117812426033482,
								0,
								1.223608079863436e-16,
								-0.04117812426033482,
								-0.9991518213376785,
								0,
								-0.125,
								0.7469734588284651,
								-0.023072949065630427,
								1
							]
						},
						{
							"uuid": "60dfbb43-b38c-18c4-3fa8-c58739a3e8a7",
							"matrix": [
								-1,
								0,
								-1.2246467991473532e-16,
								0,
								-1.5984848350717836e-17,
								0.9914448613738103,
								0.13052619222005157,
								0,
								1.2141697760125282e-16,
								0.13052619222005157,
								-0.9914448613738103,
								0,
								3.823378771106493e-18,
								1.4550668095588706,
								-0.031220256924433053,
								1
							]
						},
						{
							"uuid": "f3c273ec-bd96-4f86-9b63-06b6c12121a6",
							"matrix": [
								-1,
								0,
								-1.2246467991473532e-16,
								0,
								-5.341834311772725e-18,
								0.9990482215818577,
								0.04361938736533599,
								0,
								1.2234812067540777e-16,
								0.04361938736533599,
								-0.9990482215818577,
								0,
								0,
								1.4537037037037037,
								0,
								1
							]
						},
						{
							"uuid": "f7a47e46-cdcc-3459-b4dd-a65da2b751af",
							"matrix": [
								-1,
								0,
								-1.2246467991473532e-16,
								0,
								-2.1265768495757713e-17,
								0.984807753012208,
								0.17364817766693033,
								0,
								1.2060416625018976e-16,
								0.17364817766693033,
								-0.984807753012208,
								0,
								0,
								1.4537037037037037,
								0,
								1
							]
						}
					],
					"time": 0.2
				},
				{
					"nodes": [
						{
							"uuid": "a0ecf74a-ef42-107b-f6b7-ef402f75465e",
							"matrix": [
								-1,
								0,
								-1.2246467991473532e-16,
								0,
								-6.580022455450642e-17,
								0.8433914458128856,
								0.5372996083468238,
								0,
								1.0328566345430087e-16,
								0.5372996083468238,
								-0.8433914458128856,
								0,
								0.3125,
								1.314399030873474,
								-0.021706022208366253,
								1
							]
						},
						{
							"uuid": "06862c9c-d3ac-6571-b562-5b0204028a99",
							"matrix": [
								-1,
								0,
								-1.2246467991473532e-16,
								0,
								2.650620804179865e-17,
								0.9762960071199333,
								-0.21643961393810285,
								0,
								1.1956177801397677e-16,
								-0.21643961393810285,
								-0.9762960071199333,
								0,
								-0.3125,
								1.314399030873474,
								-0.02170602220836633,
								1
							]
						},
						{
							"uuid": "00fce31f-60f7-dc73-25bf-06ed63b928b3",
							"matrix": [
								-1,
								0,
								-1.2246467991473532e-16,
								0,
								-7.871877887341984e-17,
								0.7660444431189781,
								0.6427876096865393,
								0,
								9.381338752702731e-17,
								0.6427876096865393,
								-0.7660444431189781,
								0,
								0.12500000000000003,
								0.698894185240844,
								-0.13023613325019773,
								1
							]
						},
						{
							"uuid": "aabda439-025f-71b5-289e-51b17c619b5b",
							"matrix": [
								-1,
								0,
								-1.2246467991473532e-16,
								0,
								1.067350013832297e-17,
								0.9961946980917454,
								-0.08715574274765814,
								0,
								1.21998664834562e-16,
								-0.08715574274765814,
								-0.9961946980917454,
								0,
								-0.125,
								0.7387386475957407,
								0.003717846980511391,
								1
							]
						},
						{
							"uuid": "60dfbb43-b38c-18c4-3fa8-c58739a3e8a7",
							"matrix": [
								-1,
								0,
								-1.2246467991473532e-16,
								0,
								-1.5984848350717836e-17,
								0.9914448613738103,
								0.13052619222005157,
								0,
								1.2141697760125282e-16,
								0.13052619222005157,
								-0.9914448613738103,
								0,
								3.823378771106493e-18,
								1.4388631058551669,
								-0.031220256924433053,
								1
							]
						},
						{
							"uuid": "f3c273ec-bd96-4f86-9b63-06b6c12121a6",
							"matrix": [
								-1,
								0,
								-1.2246467991473532e-16,
								0,
								-5.341834311772725e-18,
								0.9990482215818577,
								0.04361938736533599,
								0,
								1.2234812067540777e-16,
								0.04361938736533599,
								-0.9990482215818577,
								0,
								0,
								1.4375,
								0,
								1
							]
						},
						{
							"uuid": "f7a47e46-cdcc-3459-b4dd-a65da2b751af",
							"matrix": [
								-1,
								0,
								-1.2246467991473532e-16,
								0,
								-2.1265768495757713e-17,
								0.984807753012208,
								0.17364817766693033,
								0,
								1.2060416625018976e-16,
								0.17364817766693033,
								-0.984807753012208,
								0,
								0,
								1.4375,
								0,
								1
							]
						}
					],
					"time": 0.25
				},
				{
					"nodes": [
						{
							"uuid": "a0ecf74a-ef42-107b-f6b7-ef402f75465e",
							"matrix": [
								-0.9999705039589206,
								-0.007499361595912085,
								0.0016585499076418563,
								0,
								-0.005795113936823775,
								0.8784104225255068,
								0.4778718931398035,
								0,
								-0.005040621648329769,
								0.47784818632512793,
								-0.8784279725505011,
								0,
								0.3125,
								1.345649030873474,
								-0.021706022208366253,
								1
							]
						},
						{
							"uuid": "06862c9c-d3ac-6571-b562-5b0204028a99",
							"matrix": [
								-0.9999705039589206,
								0.006479837275159335,
								0.004123459837301061,
								0,
								0.005795113936823735,
								0.988877605451635,
								-0.1486186330535304,
								0,
								-0.005040621648329755,
								-0.14859035347265356,
								-0.9888859888724635,
								0,
								-0.3125,
								1.345649030873474,
								-0.02170602220836633,
								1
							]
						},
						{
							"uuid": "00fce31f-60f7-dc73-25bf-06ed63b928b3",
							"matrix": [
								-1,
								0,
								-1.2246467991473532e-16,
								0,
								-7.205208333463542e-17,
								0.8086064457378664,
								0.5883499094171551,
								0,
								9.902572955427961e-17,
								0.5883499094171551,
								-0.8086064457378664,
								0,
								0.12500000000000003,
								0.7381130777118232,
								-0.10344533720405591,
								1
							]
						},
						{
							"uuid": "aabda439-025f-71b5-289e-51b17c619b5b",
							"matrix": [
								-1,
								0,
								-1.2246467991473532e-16,
								0,
								5.042865807031102e-18,
								0.9991518213376785,
								-0.04117812426033485,
								0,
								1.223608079863436e-16,
								-0.04117812426033485,
								-0.9991518213376785,
								0,
								-0.125,
								0.7620197551247614,
								-0.023072949065630427,
								1
							]
						},
						{
							"uuid": "60dfbb43-b38c-18c4-3fa8-c58739a3e8a7",
							"matrix": [
								-1,
								0,
								-1.2246467991473532e-16,
								0,
								-1.5984848350717836e-17,
								0.9914448613738103,
								0.13052619222005157,
								0,
								1.2141697760125282e-16,
								0.13052619222005157,
								-0.9914448613738103,
								0,
								3.823378771106493e-18,
								1.4701131058551669,
								-0.031220256924433053,
								1
							]
						},
						{
							"uuid": "f3c273ec-bd96-4f86-9b63-06b6c12121a6",
							"matrix": [
								-1,
								0,
								-1.2246467991473532e-16,
								0,
								-5.341834311772725e-18,
								0.9990482215818577,
								0.04361938736533599,
								0,
								1.2234812067540777e-16,
								0.04361938736533599,
								-0.9990482215818577,
								0,
								0,
								1.46875,
								0,
								1
							]
						},
						{
							"uuid": "f7a47e46-cdcc-3459-b4dd-a65da2b751af",
							"matrix": [
								-1,
								0,
								-1.2246467991473532e-16,
								0,
								-2.1265768495757713e-17,
								0.984807753012208,
								0.17364817766693033,
								0,
								1.2060416625018976e-16,
								0.17364817766693033,
								-0.984807753012208,
								0,
								0,
								1.46875,
								0,
								1
							]
						}
					],
					"time": 0.3
				},
				{
					"nodes": [
						{
							"uuid": "a0ecf74a-ef42-107b-f6b7-ef402f75465e",
							"matrix": [
								-0.9996480260190032,
								-0.025903503879149904,
								0.005729970601436391,
								0,
								-0.02266622416954444,
								0.9461511439157003,
								0.3229307280964566,
								0,
								-0.013786455607095644,
								0.32268718808436525,
								-0.946405257956653,
								0,
								0.3125,
								1.376899030873474,
								-0.021706022208366253,
								1
							]
						},
						{
							"uuid": "06862c9c-d3ac-6571-b562-5b0204028a99",
							"matrix": [
								-0.9996480260190032,
								0.022381566081381133,
								0.014243931200873828,
								0,
								0.022666224169544398,
								0.9995400619935423,
								0.02014712763253232,
								0,
								-0.013786455607095637,
								0.0204628925054684,
								-0.9996955554928225,
								0,
								-0.3125,
								1.376899030873474,
								-0.02170602220836633,
								1
							]
						},
						{
							"uuid": "00fce31f-60f7-dc73-25bf-06ed63b928b3",
							"matrix": [
								-1,
								0,
								-1.2246467991473532e-16,
								0,
								-5.429889147216801e-17,
								0.8963317147474928,
								0.4433840966225774,
								0,
								1.0976897654397756e-16,
								0.4433840966225774,
								-0.8963317147474928,
								0,
								0.12500000000000003,
								0.7773319701828028,
								-0.07665454115791406,
								1
							]
						},
						{
							"uuid": "aabda439-025f-71b5-289e-51b17c619b5b",
							"matrix": [
								-1,
								0,
								-1.2246467991473532e-16,
								0,
								-8.798549936236268e-18,
								0.9974157648476765,
								0.07184561248485817,
								0,
								1.2214820238398159e-16,
								0.07184561248485817,
								-0.9974157648476765,
								0,
								-0.125,
								0.785300862653782,
								-0.04986374511177227,
								1
							]
						},
						{
							"uuid": "60dfbb43-b38c-18c4-3fa8-c58739a3e8a7",
							"matrix": [
								-1,
								0,
								-1.2246467991473532e-16,
								0,
								-1.5984848350717836e-17,
								0.9914448613738103,
								0.13052619222005157,
								0,
								1.2141697760125282e-16,
								0.13052619222005157,
								-0.9914448613738103,
								0,
								3.823378771106493e-18,
								1.5013631058551669,
								-0.031220256924433053,
								1
							]
						},
						{
							"uuid": "f3c273ec-bd96-4f86-9b63-06b6c12121a6",
							"matrix": [
								-1,
								0,
								-1.2246467991473532e-16,
								0,
								-5.341834311772725e-18,
								0.9990482215818577,
								0.04361938736533599,
								0,
								1.2234812067540777e-16,
								0.04361938736533599,
								-0.9990482215818577,
								0,
								0,
								1.5,
								0,
								1
							]
						},
						{
							"uuid": "f7a47e46-cdcc-3459-b4dd-a65da2b751af",
							"matrix": [
								-1,
								0,
								-1.2246467991473532e-16,
								0,
								-2.1265768495757713e-17,
								0.984807753012208,
								0.17364817766693033,
								0,
								1.2060416625018976e-16,
								0.17364817766693033,
								-0.984807753012208,
								0,
								0,
								1.5,
								0,
								1
							]
						}
					],
					"time": 0.35
				},
				{
					"nodes": [
						{
							"uuid": "a0ecf74a-ef42-107b-f6b7-ef402f75465e",
							"matrix": [
								-0.9987366914402356,
								-0.04906221384704903,
								0.010859113381772338,
								0,
								-0.04748928153864499,
								0.9922093737952896,
								0.11517519998551029,
								0,
								-0.016425264380066126,
								0.114514006676849,
								-0.9932858364865873,
								0,
								0.3125,
								1.3630101419845853,
								-0.021706022208366253,
								1
							]
						},
						{
							"uuid": "06862c9c-d3ac-6571-b562-5b0204028a99",
							"matrix": [
								-0.9987366914402356,
								0.04238936479626868,
								0.026984494124971288,
								0,
								0.04748928153864495,
								0.9717640652366476,
								0.23112630671061168,
								0,
								-0.016425264380066126,
								0.2321157971076361,
								-0.972549467854017,
								0,
								-0.3125,
								1.3630101419845853,
								-0.02170602220836633,
								1
							]
						},
						{
							"uuid": "00fce31f-60f7-dc73-25bf-06ed63b928b3",
							"matrix": [
								-1,
								0,
								-1.2246467991473532e-16,
								0,
								-2.9792772304648093e-17,
								0.9699569938762974,
								0.24327644775122903,
								0,
								1.187854727861196e-16,
								0.24327644775122903,
								-0.9699569938762974,
								0,
								0.12500000000000003,
								0.7714119737648931,
								-0.049863745111772245,
								1
							]
						},
						{
							"uuid": "aabda439-025f-71b5-289e-51b17c619b5b",
							"matrix": [
								-1,
								0,
								-1.2246467991473532e-16,
								0,
								-2.6046929502311892e-17,
								0.9771198765416796,
								0.21268932005903077,
								0,
								1.1966267291900248e-16,
								0.21268932005903077,
								-0.9771198765416796,
								0,
								-0.12499999999999999,
								0.7634430812939139,
								-0.07665454115791412,
								1
							]
						},
						{
							"uuid": "60dfbb43-b38c-18c4-3fa8-c58739a3e8a7",
							"matrix": [
								-1,
								0,
								-1.2246467991473532e-16,
								0,
								-1.5984848350717836e-17,
								0.9914448613738103,
								0.13052619222005157,
								0,
								1.2141697760125282e-16,
								0.13052619222005157,
								-0.9914448613738103,
								0,
								3.823378771106493e-18,
								1.487474216966278,
								-0.031220256924433053,
								1
							]
						},
						{
							"uuid": "f3c273ec-bd96-4f86-9b63-06b6c12121a6",
							"matrix": [
								-1,
								0,
								-1.2246467991473532e-16,
								0,
								-5.341834311772725e-18,
								0.9990482215818577,
								0.04361938736533599,
								0,
								1.2234812067540777e-16,
								0.04361938736533599,
								-0.9990482215818577,
								0,
								0,
								1.4861111111111112,
								0,
								1
							]
						},
						{
							"uuid": "f7a47e46-cdcc-3459-b4dd-a65da2b751af",
							"matrix": [
								-1,
								0,
								-1.2246467991473532e-16,
								0,
								-2.1265768495757713e-17,
								0.984807753012208,
								0.17364817766693033,
								0,
								1.2060416625018976e-16,
								0.17364817766693033,
								-0.984807753012208,
								0,
								0,
								1.4861111111111112,
								0,
								1
							]
						}
					],
					"time": 0.4
				},
				{
					"nodes": [
						{
							"uuid": "a0ecf74a-ef42-107b-f6b7-ef402f75465e",
							"matrix": [
								-0.9973651120202801,
								-0.0708282659535514,
								0.015690445079320416,
								0,
								-0.07191451486499006,
								0.9937514753608879,
								-0.08535987212848672,
								0,
								-0.009546511221766045,
								-0.08626332917336005,
								-0.9962266319284088,
								0,
								0.3125,
								1.3352323642068074,
								-0.021706022208366253,
								1
							]
						},
						{
							"uuid": "06862c9c-d3ac-6571-b562-5b0204028a99",
							"matrix": [
								-0.9973651120202801,
								0.06119035058474131,
								0.03896888913082619,
								0,
								0.07191451486499004,
								0.90462613259209,
								0.42009506398339336,
								0,
								-0.009546511221766056,
								0.4217905893056348,
								-0.9066430184459029,
								0,
								-0.3125,
								1.3352323642068074,
								-0.02170602220836633,
								1
							]
						},
						{
							"uuid": "00fce31f-60f7-dc73-25bf-06ed63b928b3",
							"matrix": [
								-1,
								0,
								-1.2246467991473532e-16,
								0,
								-5.469954011732325e-18,
								0.999001995685138,
								0.0446655641082859,
								0,
								1.223424596357622e-16,
								0.0446655641082859,
								-0.999001995685138,
								0,
								0.12500000000000003,
								0.7516030884580946,
								-0.0230729490656304,
								1
							]
						},
						{
							"uuid": "aabda439-025f-71b5-289e-51b17c619b5b",
							"matrix": [
								-1,
								0,
								-1.2246467991473532e-16,
								0,
								-4.180503676916103e-17,
								0.9399311668734954,
								0.34136403082315103,
								0,
								1.151083694930463e-16,
								0.34136403082315103,
								-0.9399311668734954,
								0,
								-0.12499999999999999,
								0.7276964110451565,
								-0.10344533720405596,
								1
							]
						},
						{
							"uuid": "60dfbb43-b38c-18c4-3fa8-c58739a3e8a7",
							"matrix": [
								-1,
								0,
								-1.2246467991473532e-16,
								0,
								-1.5984848350717836e-17,
								0.9914448613738103,
								0.13052619222005157,
								0,
								1.2141697760125282e-16,
								0.13052619222005157,
								-0.9914448613738103,
								0,
								3.823378771106493e-18,
								1.4596964391885001,
								-0.031220256924433053,
								1
							]
						},
						{
							"uuid": "f3c273ec-bd96-4f86-9b63-06b6c12121a6",
							"matrix": [
								-1,
								0,
								-1.2246467991473532e-16,
								0,
								-5.341834311772725e-18,
								0.9990482215818577,
								0.04361938736533599,
								0,
								1.2234812067540777e-16,
								0.04361938736533599,
								-0.9990482215818577,
								0,
								0,
								1.4583333333333333,
								0,
								1
							]
						},
						{
							"uuid": "f7a47e46-cdcc-3459-b4dd-a65da2b751af",
							"matrix": [
								-1,
								0,
								-1.2246467991473532e-16,
								0,
								-2.1265768495757713e-17,
								0.984807753012208,
								0.17364817766693033,
								0,
								1.2060416625018976e-16,
								0.17364817766693033,
								-0.984807753012208,
								0,
								0,
								1.4583333333333333,
								0,
								1
							]
						}
					],
					"time": 0.45
				},
				{
					"nodes": [
						{
							"uuid": "a0ecf74a-ef42-107b-f6b7-ef402f75465e",
							"matrix": [
								-0.9961947052712221,
								-0.08508973245586551,
								0.0188638972689137,
								0,
								-0.08715566068581855,
								0.9725809234005208,
								-0.2156159508195273,
								0,
								3.694371797876203e-8,
								-0.21643956400801487,
								-0.9762960181891653,
								0,
								0.3125,
								1.314399030873474,
								-0.021706022208366253,
								1
							]
						},
						{
							"uuid": "06862c9c-d3ac-6571-b562-5b0204028a99",
							"matrix": [
								-0.9961947052712221,
								0.07350636084582943,
								0.04682866755295958,
								0,
								0.08715566068581852,
								0.8401821184340191,
								0.5352549847261044,
								0,
								3.694371796248592e-8,
								0.5372995652137889,
								-0.8433914732916572,
								0,
								-0.3125,
								1.314399030873474,
								-0.02170602220836633,
								1
							]
						},
						{
							"uuid": "00fce31f-60f7-dc73-25bf-06ed63b928b3",
							"matrix": [
								-1,
								0,
								-1.2246467991473532e-16,
								0,
								1.067350013832297e-17,
								0.9961946980917454,
								-0.08715574274765814,
								0,
								1.21998664834562e-16,
								-0.08715574274765814,
								-0.9961946980917454,
								0,
								0.125,
								0.7387386475957407,
								0.003717846980511419,
								1
							]
						},
						{
							"uuid": "aabda439-025f-71b5-289e-51b17c619b5b",
							"matrix": [
								-1,
								0,
								-1.2246467991473532e-16,
								0,
								-5.175581015019658e-17,
								0.9063077870366499,
								0.4226182617406994,
								0,
								1.1099069304367545e-16,
								0.4226182617406994,
								-0.9063077870366499,
								0,
								-0.12499999999999999,
								0.698894185240844,
								-0.13023613325019778,
								1
							]
						},
						{
							"uuid": "60dfbb43-b38c-18c4-3fa8-c58739a3e8a7",
							"matrix": [
								-1,
								0,
								-1.2246467991473532e-16,
								0,
								-1.5984848350717836e-17,
								0.9914448613738103,
								0.13052619222005157,
